0.652766072673486
0.989018329520883
0.845714465878574
0.292339791420023
-0.402784870934173
-0.902606833296234
-0.964771961216481
-0.559137570090046
0.117611962109981
0.737333697565365
0.999536389180508
0.777082953829936
0.177836818572685
-0.507638997418857
-0.946970347787196
-0.927133841859473
-0.457747822939173
0.233591382872679
0.811666583350561
0.996180141718845
0.697664953488465
0.0608653386604154
-0.60544671775648
-0.978189210835578
-0.87662641648846
-0.350004196181407
0.346328381826683
0.87473293439086
0.978996174342285
0.60856284565753
-0.0569509973378956
-0.694850388177908
-0.995830081445896
-0.813950765663477
-0.237402251343259
0.454258085732409
0.925657342914394
0.948223013275111
0.511013433741766
-0.173976811213666
-0.774609019365862
-0.999648091237783
-0.739976873947353
-0.121504987012915
0.555882350174397
0.963732940325407
0.904287812838425
0.406370775997654
-0.288587697792249
-0.843615502307959
-0.989590243400902
-0.655731553874112
-0.00392114325951472
0.649790554918002
0.988431209065138
0.847800426231064
0.296087390199678
-0.3991927728827
-0.900911975791671
-0.965796148330009
-0.562384193028723
0.113717128873317
0.734679184365473
0.999409318827884
0.77954494031445
0.181694091615289
-0.504256755931349
-0.945703122229084
-0.928596085729036
-0.461230522079277
0.229776922835651
0.809369921320134
0.996514885300172
0.700468791904861
0.0647787441525731
-0.602321280855699
-0.977367207255431
-0.878506420083602
-0.353674629073365
0.342647242526398
0.872826002903889
0.979788085368146
0.611669616647055
-0.0530357803696747
-0.692025139248319
-0.995464709863647
-0.816222433138613
-0.241209469653669
0.450761364115178
0.924166611595592
0.949461099432563
0.51438001301669
-0.170114128887482
-0.772123174960024
-0.999744423282241
-0.74260867287148
-0.125396143725202
0.552618583332158
0.96267910163218
0.90595488857247
0.409950432938322
-0.284831167006391
-0.841503567791671
-0.990146941911773
-0.65868695292435
-0.00784222622979097
0.646805046357516
0.987828891060889
0.849873351292904
0.299830436510288
-0.395594537073254
-0.899203266383888
-0.966805485918683
-0.565622169072234
0.10982054718763
0.732013375161935
0.99926688213367
0.78199494096532
0.185548571034294
-0.500866761282627
-0.944421356084903
-0.930044052040458
-0.46470612960474
0.225958929881109
0.807060814884345
0.996834307043049
0.703261860316887
0.0686911536440927
-0.599186583010108
-0.976530176240495
-0.880372916270427
-0.357339624068091
0.338960834879626
0.870905651347431
0.980564931737192
0.614766982957156
-0.0491197479538631
-0.689189250139092
-0.995084032589843
-0.818481550848121
-0.245012979266312
0.447257711851035
0.922661670823699
0.950684587223458
0.517738683481029
-0.166248830984508
-0.769625458833331
-0.999825383832737
-0.745229053872713
-0.129285372418677
0.549346319745144
0.96161046134
0.907608034866372
0.413523786717457
-0.281070256820704
-0.839378694801596
-0.990688416494026
-0.661632224383703
-0.0117631886225102
0.643809592895469
0.987211384769036
0.851933209191997
0.303568872800952
-0.39199021883024
-0.897480731345012
-0.967799958463501
-0.568851448435308
0.105922276964521
0.729336310942697
0.999109081287892
0.784432918112753
0.189400197565406
-0.497469065595301
-0.943125069062348
-0.931477718530659
-0.468174592076635
0.22213746271232
0.804739299546703
0.997138402036236
0.70604411577994
0.0726025069800441
-0.596042672417015
-0.97567813066048
-0.882225876350786
-0.360999124814768
0.33526921556644
0.868971909247694
0.98132670150508
0.61785489696449
-0.0452029603011286
-0.68634276445323
-0.994688055477557
-0.820728084057098
-0.248812721700615
0.443747182810118
0.9211425437378
0.95189345783615
0.521089393493802
-0.162380976935355
-0.767115909389215
-0.999890971644468
-0.747837976661592
-0.13317261329479
0.546065609725769
0.960527035879683
0.909247226302316
0.417090782393231
-0.277305025060766
-0.837240916008574
-0.991214658822252
-0.664567322967363
-0.015683970151236
0.640804240588249
0.986578699683995
0.853979968257151
0.307302641591618
-0.388379873571593
-0.895744397159759
-0.968779550674041
-0.572071981466418
0.10202237814154
0.726648032868758
0.998935918716803
0.786858834271806
0.193248911988258
-0.494063721110383
-0.941814281092384
-0.932897063156388
-0.471635856165862
0.218312580085939
0.802405411001456
0.997427165604139
0.708815515515639
0.0765127440216991
-0.592889597415362
-0.974811083615943
-0.884065271834597
-0.364653075046982
0.331572441347057
0.867024806336788
0.982073382959283
0.620933311191094
-0.0412854776337189
-0.683485725956676
-0.994276784615105
-0.822961998224161
-0.252608638533947
0.44022983096835
0.919609253695136
0.953087692683742
0.524432091536462
-0.158510626209918
-0.76459456521307
-0.999941185708994
-0.750435401124833
-0.137057806585538
0.542776503716352
0.959428841909342
0.910872437677032
0.420651365121522
-0.273535529618572
-0.835090264281829
-0.991725660805262
-0.667492203546926
-0.0196045105322777
0.637789035644398
0.985930845533567
0.856013597018565
0.311031685474006
-0.384763556807873
-0.89399429052499
-0.969744247488651
-0.575283718648516
0.0981209106812671
0.723948582273552
0.998747397082852
0.789272652143006
0.19709465512725
-0.49065078018651
-0.940489012328931
-0.934302064094636
-0.475089868654046
0.214484340811197
0.800059185133147
0.9977005933069
0.71157601691258
0.0804218046474784
-0.589727406485022
-0.973929048438101
-0.88589107444041
-0.368301418583687
0.327870569060947
0.865064372552245
0.982804964619247
0.624002178305034
-0.0373673601846036
-0.680618178577566
-0.993850226325954
-0.825183259001925
-0.256400671402466
0.436705710406439
0.918061824270695
0.954267273404366
0.527766726213608
-0.154637838316435
-0.76206146507165
-0.999976025254252
-0.753021287325925
-0.140940892554486
0.539479052288314
0.958315896314179
0.912483644002206
0.424205480156929
-0.269761828451805
-0.832926772688557
-0.992221414586179
-0.670406821151155
-0.0235247494856378
0.63476402442398
0.985267832278786
0.858034064208364
0.314755947112463
-0.381141324141496
-0.892230438349341
-0.970694034074708
-0.578486610599771
0.0942179345704325
0.721238000662217
0.99854351928464
0.791674334612873
0.200937367852436
-0.487230295299071
-0.939149283148567
-0.935692699742903
-0.47853657643427
0.21065280374884
0.79770065801599
0.99795868094045
0.714325577526884
0.084329628753976
-0.586556148246021
-0.973032038688619
-0.887703256095711
-0.37194409933011
0.324163655625991
0.863090638036566
0.983521435236607
0.627061451121179
-0.0334486681964981
-0.677740166405655
-0.993408387168613
-0.827391832237565
-0.26018876200206
0.433174875309285
0.916500279256839
0.955432181861453
0.531093246253772
-0.150762672800689
-0.759516647912387
-0.999995489744569
-0.755595595505773
-0.144821811497514
0.53617330614132
0.957188216206211
0.91408082050485
0.427753072853375
-0.265983979582664
-0.830750474493343
-0.992701912542575
-0.673311130966571
-0.0274446267360672
0.631729253437825
0.98458967011376
0.860041338760995
0.31847536924494
-0.37751323126585
-0.890452867752799
-0.971628895828835
-0.581680608074387
0.0903135098189748
0.718516329711153
0.998324288456871
0.794063844754522
0.204776991080483
-0.483802319039469
-0.937795114150177
-0.937068948719597
-0.481975926511915
0.206818027810401
0.795329865913323
0.998201424536581
0.717064155082851
0.0882361562566843
-0.583375871457798
-0.972120068159403
-0.889501788937451
-0.375581061278463
0.320451758037499
0.861103633136768
0.984222783795316
0.630111082601891
-0.0295294619209799
-0.67485173369164
-0.992951273936552
-0.829587683973333
-0.263972852089232
0.429637379964946
0.914924642662993
0.956582400144084
0.534411600510299
-0.146885189244992
-0.756960152862996
-0.99999957888067
-0.758158286083317
-0.148700503743821
0.532859316102666
0.956045818923973
0.915663942627707
0.431294088665197
-0.262202041097177
-0.828561403157741
-0.993167147286601
-0.676205088338117
-0.0313640820136791
0.628684769346799
0.983896369465526
0.862035389813747
0.322189894683695
-0.373879333964372
-0.888661606066228
-0.972548818377142
-0.584865661963228
0.0864076964589937
0.715783611267202
0.998089707970317
0.796441145828205
0.208613465775528
-0.480366904114242
-0.936426526154702
-0.938430789864287
-0.485407866005593
0.202980071957211
0.792946845277131
0.998428820363012
0.719791707473693
0.0921413270911732
-0.580186625018478
-0.971193150872392
-0.891286645312453
-0.379212248508891
0.316734933367523
0.859103388403851
0.98490899951184
0.633151025857861
-0.025609801617477
-0.6719529248464
-0.99247889365807
-0.831770780447061
-0.267752883481968
0.426093278763861
0.913334938715251
0.957717910567123
0.53772173796216
-0.143005447267322
-0.754392019230598
-0.999988292599684
-0.760709319656047
-0.152576909656955
0.529537133126279
0.954888722032341
0.917232986029629
0.434828473147675
-0.258416071144193
-0.826359592339617
-0.993617111665063
-0.679088648770056
-0.0352830550552455
0.625630618961201
0.98318794099386
0.864016186707283
0.325899466316404
-0.37023968810972
-0.886856680831086
-0.973453787575446
-0.58804172329479
0.0825005545441371
0.713039887347009
0.997839781431749
0.798806201281962
0.212446732950231
-0.476924103344448
-0.935043540204731
-0.939778202238099
-0.488832342147681
0.199138995199385
0.79055163274733
0.99864086492343
0.722508192762195
0.0960450812136739
-0.576988457964006
-0.970251301079325
-0.893057797777741
-0.382837605190431
0.313013238763789
0.857089934592482
0.985580071835336
0.636181234148585
-0.0216897475523701
-0.669043784440326
-0.991991253596228
-0.833941088092764
-0.271528798060709
0.422542626198188
0.911731191855948
0.958838695671634
0.541023607714493
-0.139123506520274
-0.75181228650141
-0.999961631075142
-0.76324865700078
-0.156450969635421
0.526206808292178
0.953716943322153
0.918787926585862
0.438356171958252
-0.254626127934716
-0.824145075892715
-0.994051798759574
-0.681961767926342
-0.0392014856049526
0.622566849239843
0.98246439559117
0.865983698985984
0.329604027106727
-0.366594349663097
-0.885038119798837
-0.974343789509433
-0.59120874323583
0.0785921441483103
0.71028520013657
0.997574512683891
0.801158974751996
0.216276733666375
-0.473473969664509
-0.933646177564301
-0.941111165124016
-0.492249302285458
0.195294856595216
0.788144265151292
0.998837554957563
0.725213569181166
0.0999473586024264
-0.573781419467649
-0.969294533261528
-0.894815219101123
-0.386457075581583
0.309286731448874
0.855063302660337
0.986235990447763
0.639201660883415
-0.0177693599982645
-0.666124357202642
-0.991488361248692
-0.836098573540981
-0.275300537769226
0.418985476860665
0.910113426743418
0.959944738225087
0.544317158999701
-0.135239426690441
-0.749220994339877
-0.999919594716976
-0.765776259074165
-0.160322624113961
0.522868392805566
0.952530500809985
0.920328740388559
0.441877130856963
-0.250832269740616
-0.821917887866225
-0.994471201886642
-0.684824401631593
-0.0431193134151574
0.619493507289438
0.981725744382262
0.867937896398485
0.333303520095578
-0.362943374673073
-0.8832059509306
-0.975218810494975
-0.594366673091983
0.0746825253649218
0.70751959199033
0.997293905805369
0.803499430063486
0.220103409036133
-0.470016556121739
-0.932234459718413
-0.942429658027131
-0.495658693881763
0.191447715249907
0.785724779503384
0.99901888744122
0.727907795134338
0.10384809925815
-0.570565558838889
-0.96832286212974
-0.896558882261552
-0.390070604031509
0.305555468719515
0.853023523767712
0.986876745264104
0.642212259621924
-0.0138486992326656
-0.663194688020863
-0.990970224347637
-0.838243203619489
-0.279068044615312
0.415421885443917
0.908481668251462
0.961036021221577
0.547602341178084
-0.13135326749714
-0.746618182588176
-0.999862184171511
-0.768292087013175
-0.164191813564306
0.519521937995947
0.951329412737928
0.921855403747079
0.445391295707624
-0.247034554894181
-0.819678062504044
-0.994875314597754
-0.687676505871645
-0.0470364782476548
0.616410640364008
0.980971998724202
0.869878748898204
0.33699788840158
-0.35928681927488
-0.881360202396802
-0.976078837078226
-0.597515464308785
0.0707717583061297
0.704743105430644
0.996997965110629
0.805827531230873
0.223926700222804
-0.466551915875388
-0.930808408372867
-0.943733660675095
-0.499060464515608
0.18759763031483
0.783293213004188
0.999184859586337
0.730590829196846
0.107747243205361
-0.567340925523038
-0.967336302623786
-0.898288760449341
-0.39367813498073
0.301819507945349
0.850970629277159
0.987502326432492
0.645212984074924
-0.0099278255374502
-0.660254821939851
-0.990436850859653
-0.840374945353724
-0.282831260672065
0.411851906739775
0.906835941469034
0.962112527882198
0.550879103738432
-0.127465088691659
-0.744003891265716
-0.999789400321461
-0.770796102135928
-0.168058478495916
0.516167495316433
0.950113697573185
0.923367893188281
0.448898612478513
-0.243233041786775
-0.817425634244532
-0.995264130679518
-0.690518036794103
-0.0509529198744897
0.613318295863894
0.980203170206169
0.871806226643739
0.340687075222361
-0.355624739689714
-0.879500902576553
-0.976923856035939
-0.600655068472239
0.0668599031015208
0.701955783147249
0.996686695149875
0.808143242458616
0.227746548441557
-0.463080102195666
-0.929368045453767
-0.945023153018276
-0.502454561883577
0.183744660986727
0.780849603040068
0.999335468841015
0.733262630115943
0.111644730493183
-0.5641075691002
-0.966334869912467
-0.900004827067032
-0.397279612961775
0.298078906568463
0.848904650752683
0.988112724334342
0.648203788105005
-0.00600679919776895
-0.65730480416125
-0.989888248985566
-0.842493765967192
-0.286590128078334
0.40827559563807
0.905176271699929
0.963174241655172
0.554147396299324
-0.123574950056507
-0.741378160568296
-0.99970124428591
-0.773288265942131
-0.171922559457347
0.512805116343147
0.948883374007945
0.924866185457064
0.452399027242998
-0.239427788868438
-0.815160637719564
-0.995637644153716
-0.693348950709227
-0.0548685780784863
0.610216521335158
0.979419270649206
0.873720299999246
0.344371023835005
-0.351957192223492
-0.877628080057431
-0.977753854375564
-0.603785437309645
0.062947019897639
0.699157667996366
0.996360100709038
0.810446528141773
0.231562894960773
-0.459601168463331
-0.927913393107364
-0.946298115230241
-0.505840933799687
0.179888866506747
0.778393987182492
0.999470712889585
0.735923156811441
0.115540501195873
-0.560865539284411
-0.965318579393205
-0.9017070557292
-0.400874982600655
0.294333722102079
0.846825619959697
0.988707929584518
0.651184625727333
-0.00208568050100579
-0.654344680042918
-0.98932442716038
-0.84459963288216
-0.290344589040103
0.404693007126203
0.903502684462247
0.964221146216247
0.557407168609234
-0.119682911404155
-0.738741030867638
-0.999597717420287
-0.775768540113709
-0.175783997036383
0.509434852773846
0.947638460958865
0.92635025751642
0.455892486180971
-0.235618854646268
-0.812883107754652
-0.995995849277415
-0.69616920409068
-0.0587833926548547
0.607105364468987
0.978620312106122
0.875620939535066
0.348049677597295
-0.348284233266418
-0.875741763634848
-0.978568819335539
-0.606906522690167
0.0590331688566643
0.696348803000201
0.996018186809618
0.812737352866253
0.235375681102177
-0.456115168168209
-0.926444473699449
-0.947558527707794
-0.509219528197332
0.176030306159082
0.775926403187807
0.999590589652602
0.73857236837681
0.119434495414418
-0.557614885923488
-0.964287446691926
-0.903395420263555
-0.404464188616776
0.290584012130103
0.84473356886403
0.989287933031498
0.65415545111018
0.00183547026397849
-0.651374495097975
-0.988745394053069
-0.846692513720032
-0.294094585830619
0.401104196287835
0.901815205488102
0.96525322546873
0.560658370547924
-0.115789032576235
-0.736092542710727
-0.999478821316371
-0.778236886515467
-0.179642731862233
0.506056756428101
0.946378977567099
0.927820086548286
0.459378935578669
-0.231806297684519
-0.810593079367519
-0.996338740543065
-0.698978753575668
-0.0626973034116626
0.603984873100689
0.97780630686121
0.87750811602806
0.351722979948371
-0.34460591929163
-0.873841982311717
-0.979368738385432
-0.610018276625839
0.0551184101556007
0.693529231346243
0.995660958708719
0.815015681409752
0.239184848243009
-0.452622154909385
-0.924961309815386
-0.948804371071706
-0.51259029312885
0.172169039271011
0.773446888995876
0.999695097286914
0.741210224079106
0.123326653277007
-0.554355658997509
-0.963241487662719
-0.905069894710629
-0.408047175824682
0.28682983430586
0.842628529632005
0.989852725757482
0.657116218575891
0.00575659280794371
-0.648394294994271
-0.988151158566563
-0.848772376301938
-0.297840060792528
0.397509218302765
0.900113860723148
0.966270463544087
0.563900952126505
-0.111893373443008
-0.733432736819113
-0.999344557802234
-0.780693267195392
-0.183498704604878
0.502670879245184
0.945104943197702
0.929275649953289
0.462858321830858
-0.227990176602759
-0.808290587768519
-0.996666312678568
-0.701777555966258
-0.0666102501709877
0.600855095209143
0.976977267430214
0.879381800462145
0.35539087440976
-0.340922306855084
-0.871928765297927
-0.980153599226171
-0.613120651272128
0.0512028039858619
0.690698996386517
0.995288421898835
0.817281478741809
0.242990337815379
-0.449122182393013
-0.923463924259406
-0.950035626166499
-0.515953176767691
0.168305125211038
0.770955482730496
0.999784234185672
0.743836683360259
0.127216914940179
-0.551087908618469
-0.962180718387647
-0.906730453324767
-0.41162388913453
0.283071246351425
0.840510534629431
0.990402299078559
0.660066882601411
0.00967762684162887
-0.645404125553561
-0.987541729837415
-0.85083918864893
-0.30158095633724
0.393908128444884
0.89839867632638
0.96727284480176
0.567134863489288
-0.10799599390177
-0.730761654088593
-0.999194928942237
-0.783137644385662
-0.187351855977217
0.499277273284684
0.943816377439493
0.930716925351568
0.466330591440299
-0.224170550075465
-0.805975668359372
-0.996978560647372
-0.704565568229678
-0.070522172769276
0.597716078915916
0.976133206559873
0.881241964028467
0.359053304585818
-0.337233452593455
-0.870002142010109
-0.980923389790142
-0.616213598928798
0.0472864105510971
0.68785814163725
0.994900582107908
0.819534710025091
0.246792091308383
-0.445615304432957
-0.921952340054446
-0.951252274061139
-0.519308127407804
0.164438623388476
0.768452222698021
0.999857998978361
0.746451705837343
0.131105220589174
-0.547811685029319
-0.961105155176454
-0.908377070574033
-0.415194273552631
0.279308306056569
0.838379616421378
0.99093664454476
0.663007397819117
0.0135985120779296
-0.642404032751224
-0.986917117235903
-0.852892918983133
-0.305317214947009
0.390300982082789
0.896669678669436
0.968260353829745
0.570360054913233
-0.104096953876383
-0.728079335588119
-0.999029937036981
-0.785569980502941
-0.191202126735415
0.495875990724632
0.942513300104677
0.932143890582902
0.469795691019175
-0.220347476830903
-0.803648356732943
-0.997275479648505
-0.70734274749914
-0.0744330110595142
0.594567872484989
0.975274137228052
0.883088578126438
0.362710214165237
-0.33353941322476
-0.868062142070857
-0.981678098241514
-0.619297072040289
0.043369290067855
0.685006710777705
0.994497445299128
0.821775340615017
0.250590050268452
-0.44210157494885
-0.920426580441709
-0.952454296049152
-0.522655093465499
0.160569593252318
0.765937147387135
0.999916390530809
0.749055251303357
0.134991510440097
-0.544527038603669
-0.960014814566443
-0.910009721141179
-0.418758274182915
0.275541071278312
0.836235807771555
0.991455753940357
0.665937719017171
0.0175191882312337
-0.639394062714611
-0.986277330365692
-0.854933535727393
-0.309048779175279
0.386687834677777
0.894926894336336
0.96923297544467
0.573576476809752
-0.100196313316125
-0.725385822559472
-0.998849584623302
-0.787990238149102
-0.19504945768004
0.492467083861188
0.941195731228697
0.933556523707139
0.473253567290515
-0.216521015650776
-0.801308688672565
-0.997557065116747
-0.710109051074094
-0.078342704910567
0.591410524321003
0.974400072643282
0.884921614363424
0.366361546921482
-0.329840245546311
-0.866108795308435
-0.982417712976322
-0.622371023196987
0.0394515027632948
0.682144747649838
0.994079017670895
0.824003336061008
0.254384156300467
-0.43858104796577
-0.918886668880529
-0.953641673648973
-0.525994023479851
0.156698094290877
0.763410295468112
0.999959407945228
0.75164727972746
0.138875724739257
-0.541234019843969
-0.958909713322032
-0.911628379923369
-0.422315836227363
0.271769599939376
0.83407914164205
0.991959619283779
0.668857801140729
0.0214395950195982
-0.636374261723548
-0.985622379063777
-0.856961007506424
-0.312775591647774
0.383068741783521
0.89317035012328
0.970190694692096
0.576784079724994
-0.0962941321953371
-0.722681156416479
-0.998653874474172
-0.790398380111449
-0.198893789656527
0.48905060510764
0.939863691069694
0.934954803004363
0.476704167087705
-0.212691225368101
-0.798956700151831
-0.997823312722577
-0.712864436421773
-0.0822511942093487
0.588244082969798
0.973511026244675
0.88674104455577
0.370007246713872
-0.32613600643438
-0.864142131756549
-0.9831422226227
-0.625435405135591
0.0355331088753967
0.679272296257462
0.993645305656699
0.82621866210669
0.258174351068111
-0.435053777613209
-0.917332629047518
-0.954814388604067
-0.529324866113204
0.15282418602964
0.760871705792591
0.999987050560204
0.754227751256417
0.142757803765326
-0.537932679382062
-0.95778986843462
-0.913233022033086
-0.425866904987054
0.267993950027729
0.831909651192459
0.992448232827898
0.671767599292291
0.0253596721651083
-0.633344676208667
-0.984952273400292
-0.858975303146988
-0.316497595062852
0.379443759045001
0.891400073037675
0.971133496846599
0.579982814340798
-0.0923904705112537
-0.719965378744763
-0.998442809598736
-0.792794369364058
-0.202735063556753
0.485626606993995
0.93851720010835
0.936338706975479
0.480147437356412
-0.208858164867858
-0.796592427333288
-0.998074218372333
-0.715608861176719
-0.0861584188611809
0.585068597116659
0.972607011701671
0.888546840728965
0.373647257487912
-0.322426752843103
-0.862162181653254
-0.983851616040941
-0.628490170740018
0.0316141686506719
0.676389400765983
0.993196315925069
0.82842128469055
0.261960576295975
-0.431519818124647
-0.915764484836834
-0.95597242288358
-0.532647570152538
0.148947928031925
0.75832141739217
0.999999317950721
0.756796626214162
0.146637687829695
-0.534623067977363
-0.956655297122265
-0.914823622798278
-0.429411425862495
0.264214179595478
0.829727369779552
0.992921587060073
0.674667068732563
0.0292793593950311
-0.630305352751128
-0.984267023678454
-0.860976391678494
-0.320214732193566
0.375812942198177
0.889616090298434
0.972061367412306
0.583172631475081
-0.0884853882846662
-0.717238531300241
-0.9982163932422
-0.79517816906737
-0.206573220319506
0.482195142165573
0.937156279047494
0.937708214342377
0.483583325154898
-0.205021893084867
-0.794215906568767
-0.998309778208236
-0.71834228314232
-0.090064318790943
0.581884115586026
0.971688042913955
0.890338975118181
0.377281523277316
-0.318712541804148
-0.860168975441293
-0.984545882323903
-0.631535273041688
0.0276947423448271
0.673496105500807
0.992732055379402
0.830611169946207
0.265742773768911
-0.427979223836105
-0.914182260359312
-0.957115758682143
-0.535962084509872
0.145069379896727
0.755759469478833
0.999996209928162
0.759353865103227
0.150515317277616
-0.531305236516546
-0.955506016829579
-0.916400157762831
-0.432949344355586
0.260430346758525
0.827532330956955
0.993379674702296
0.677556164880721
0.0331985964422879
-0.627256338081729
-0.983566640434188
-0.862964242333243
-0.323926945887033
0.372176347067977
0.887818429334997
0.972974292122734
0.586353482083144
-0.0845789455577548
-0.714500656009583
-0.997974628885811
-0.797549742569525
-0.210408200931611
0.478756263382601
0.935780948811983
0.939063304048341
0.48701177765503
-0.20118246900343
-0.791827174398351
-0.998529988608457
-0.721064660291054
-0.0939688339434293
0.578690687340559
0.970754134010956
0.892117420168437
0.380909988203392
-0.314993430424653
-0.858162543767001
-0.985225010796888
-0.634570665221217
0.0237748902205883
0.670592454947826
0.992252531157899
0.83278828420331
0.269520885334252
-0.424432049185721
-0.912585979942323
-0.958244378420519
-0.539268358223239
0.141188601258368
0.753185901443542
0.999977726540313
0.761899428604983
0.154390632488557
-0.527979236012581
-0.954342045227102
-0.917962602686714
-0.436480606069023
0.256642509694462
0.825324568474259
0.993822488711249
0.680434843316025
0.0371173230470627
-0.624197679080537
-0.982851134436244
-0.864938824547189
-0.327634179066504
0.368534029568906
0.88600711778711
0.973872256941305
0.589525317258063
-0.0806712023936176
-0.711751794968704
-0.997717520246798
-0.799909053406645
-0.214239946428283
0.475310023519296
0.934391230547942
0.940403955258175
0.490432742142702
-0.197339951656207
-0.78942626754981
-0.998734846187158
-0.723775950765299
-0.0978719042854053
0.575488361480755
0.969805299351997
0.893882148535542
0.38453259647706
-0.311269475887854
-0.856142917480053
-0.985888991018028
-0.6375963006079
0.0198546725472286
0.667678493751811
0.991757750633448
0.834952593987868
0.273294852901603
-0.420878348712808
-0.910975668129309
-0.9593582647457
-0.542566340457089
0.137305651785349
0.750600752855995
0.999943868071367
0.764433277580386
0.158263573878242
-0.524645117604327
-0.953163400211488
-0.919510933546812
-0.440005156708266
0.252850726643218
0.823104116276682
0.994250022278491
0.683303059777322
0.0410354789573878
-0.621129422775643
-0.982120516685808
-0.866900107960524
-0.331336374731698
0.364886045703033
0.88418218350456
0.97475524806143
0.59268808823162
-0.0767622188756877
-0.708991990442506
-0.997445071278307
-0.802256065303188
-0.218068397895147
0.471856475562956
0.932987145622999
0.941730147358917
0.493846166019235
-0.193494400123752
-0.787013222937825
-0.998924347794572
-0.726476112877658
-0.101773469805624
0.572277187243638
0.968841553525788
0.895633133086099
0.388149292399183
-0.307540735451129
-0.854110127633178
-0.986537812778345
-0.640612132681486
0.0159341495999824
0.664754266716152
0.991247721413496
0.837104066022576
0.277064618444942
-0.417318177056911
-0.909351349679589
-0.960457400531212
-0.545855980503643
0.133420591179889
0.748004063463796
0.99989463504191
0.766955373070214
0.162134081898668
-0.521302932555169
-0.951970099904908
-0.921045126536924
-0.443522942081854
0.249055055905064
0.820871008504745
0.994662268830515
0.686160770164736
0.0449530039297292
-0.618051616342787
-0.981374798416418
-0.868848062417398
-0.335033475959789
0.36123245155955
0.882343654546486
0.975623251906746
0.595841746374689
-0.0728520551062423
-0.706221284864152
-0.997157286169373
-0.804590742172854
-0.221893496468249
0.468395672613544
0.931568715625555
0.943041859959837
0.49725199680179
-0.189645873533051
-0.784588077664327
-0.999098490517032
-0.729165105111996
-0.105673470515298
0.569057214002373
0.9678629113503
0.897370346897727
0.391760020361531
-0.303807266445009
-0.852064205481381
-0.987171466101931
-0.643618115072106
0.012013381658437
0.661819818802162
0.990722451339986
0.839242667227703
0.280830124002528
-0.413751588957385
-0.9077130495677
-0.961541768877409
-0.549137227783293
0.129533479176328
0.74539587319252
0.999830028208922
0.769465676296473
0.166002097038574
-0.517952732252619
-0.950762162654753
-0.922565158067964
-0.447033908102349
0.245255555839715
0.818625279493427
0.995059222028854
0.689007930539512
0.0488698377304812
-0.614964307104546
-0.980613991093872
-0.870782657967245
-0.338725425906493
0.357573303314331
0.880491559180943
0.976476255131376
0.598986243198439
-0.068940771205479
-0.703439720834254
-0.996854169344815
-0.806913048119133
-0.225715183334635
0.464927667882371
0.930135962364406
0.944339072892647
0.500650182124179
-0.185794431056382
-0.782150869016814
-0.999257271677016
-0.731842886124229
-0.10957184645083
0.565828491265504
0.966869387872628
0.899093763260279
0.395364724847735
-0.300069126273702
-0.850005182481404
-0.987789941246114
-0.646614201561593
0.00809242900606024
0.65887519512788
0.990181948489153
0.84136836472135
0.284591311677899
-0.41017863925193
-0.906060792983202
-0.962611353111605
-0.552410031845472
0.125644375540659
0.742776222143897
0.99975004856576
0.77196414866197
0.169867559826038
-0.514594568207425
-0.949539607033675
-0.924071004768978
-0.450538000787362
0.241452284866423
0.816366963771634
0.995440875770206
0.6918444971256
0.0527859201368923
-0.611867542529428
-0.979838106415841
-0.872703864864952
-0.342412167806089
0.353908657228013
0.878625925884625
0.977314244619935
0.602121530355084
-0.0650284273109307
-0.700647341120858
-0.996535725465165
-0.809222947435653
-0.229533399734473
0.461452514691278
0.928688907868948
0.945621766212224
0.504040669738256
-0.181940131911864
-0.779701634468542
-0.999400688833212
-0.734509414741951
-0.113468537672473
0.562591068675637
0.965860998368588
0.90080335567525
0.398963350433728
-0.296326372412481
-0.847933090291775
-0.988393228701541
-0.649600346083851
0.00417135192915982
0.655920440968569
0.989626221171459
0.843481125820017
0.288348123641311
-0.406599382876159
-0.904394605330238
-0.963666136788521
-0.55567434236962
0.121753340069498
0.740145150596247
0.999654697342139
0.774450751751706
0.17373041082782
-0.511228492052587
-0.948302451838949
-0.925562643486892
-0.454035166259579
0.237645301461982
0.814096096061858
0.995807224186418
0.694670426309506
0.0567011909376501
-0.608761370232039
-0.9790471563119
-0.874611653571202
-0.346093644973358
0.350238569646188
0.876746783342652
0.978137207487982
0.605247559638345
-0.0611150835769957
-0.697844188657987
-0.996201959426621
-0.811520404606465
-0.233348086960847
0.457970266472115
0.927227574388173
0.946889920196543
0.507423407513347
-0.178083035360754
-0.777240411677103
-0.9995287397805
-0.737164649966311
-0.11736348426774
0.559344996009984
0.964837758342596
0.902499097857279
0.402555841789222
-0.292579062407771
-0.84584796077173
-0.988981319192432
-0.652576502725641
0.000250210715956666
0.652955601754655
0.989055277931446
0.845580918039108
0.292100502130189
-0.403013874862657
-0.902714512227149
-0.964706103690411
-0.558930109165013
0.117860432589163
0.737502699003255
0.999543976004141
0.776925447333106
0.177590590651174
-0.507854555543537
-0.947050716092361
-0.927040051287214
-0.457525350748601
0.233834664160374
0.811812711279916
0.996158261644794
0.697485674641534
0.0606155899333538
-0.605645837970554
-0.978241152943197
-0.876505994752714
-0.349769800804458
0.346563096997794
0.874854160447528
0.97894513108221
0.608364282983834
-0.0572008001727648
-0.695030306544809
-0.995852876361016
-0.813805384307327
-0.237159186361988
0.454480976766328
0.925751984390704
0.948143515347418
0.510798343438621
-0.174223200707547
-0.774767238485267
-0.999641422550051
-0.739808550971942
-0.121256626349499
0.5560903231781
0.9637996835274
0.904180963733314
0.406142143678142
-0.288827253876052
-0.843749825981019
-0.989554203676644
-0.655542625727295
-0.00367093434434223
0.649980723071623
0.988469127547609
0.847667709093428
0.29584838945034
-0.399422170340127
-0.901020539506079
-0.965731237827402
-0.562177282173426
0.113965712954756
0.73484890799404
0.999417886254138
0.779388197356677
0.181448039943753
-0.504472810555392
-0.945784419039804
-0.928503205454003
-0.461008500591767
0.230020431551539
0.809516844533685
0.996493982747961
0.700290198835722
0.0645290569386877
-0.602520993647782
-0.977420108702467
-0.878386859283194
-0.353440578776933
0.342882295795205
0.872948086299243
0.979738002980449
0.611471652470792
-0.0532856372822301
-0.692205738046442
-0.995488481635631
-0.816077851405576
-0.240966639339967
0.450984699223023
0.924262160564361
0.949382532390074
0.51416542562301
-0.170360687298834
-0.772282152918977
-0.99973873540932
-0.742441077107747
-0.125147904059269
0.552827100221959
0.962746789883841
0.905848927444055
0.409722200959783
-0.285071004502968
-0.841638718179353
-0.990111873345869
-0.658498669483415
-0.00759202296247071
0.64699585065984
0.987867779032257
0.84974146689768
0.299591727975759
-0.395824324532548
-0.899312713212477
-0.966741523437447
-0.565415811468007
0.110069241049015
0.732183818371765
0.999276430030817
0.781838963956735
0.185302699395639
-0.501083309084109
-0.944503580151279
-0.929952083490644
-0.464484562234171
0.226202662281362
0.807208531123222
0.996814382334085
0.703083955771487
0.0684415317822123
-0.599386885309345
-0.976584036213567
-0.88025421824377
-0.357105922450592
0.339196222632086
0.871028590204161
0.980515810991865
0.614569620322097
-0.0493696551019983
-0.689370526591661
-0.99510878085319
-0.818337770961463
-0.244770387353801
0.447481487598947
0.922758125815817
0.950606952274171
0.517524602296199
-0.166495554522395
-0.769785193187476
-0.999820676862081
-0.745062187897522
-0.129037257567006
0.549555377314994
0.961679093600603
0.907502963343853
0.413295958588627
-0.281310372042444
-0.839514669825785
-0.990654319625603
-0.661444588543577
-0.0115129948502578
0.644001030412983
0.987251241631378
0.851802159567079
0.303330460151682
-0.392220392758322
-0.897591059605092
-0.967736944987152
-0.568645647255186
0.106171076782297
0.729507471113003
0.99911960950912
0.784277709451423
0.189154509740258
-0.497686103244512
-0.943208219120153
-0.931386663120194
-0.467953482229492
0.222381415049441
0.804887806539422
0.997119455476848
0.705866902493632
0.0723529543086501
-0.59624356114385
-0.975732948331467
-0.882108042923005
-0.360765775469438
0.335504934183373
0.869095701675681
0.981278543157378
0.617658138905182
-0.0454529138426352
-0.686524715773041
-0.994713779851752
-0.820585108227373
-0.248570371919255
0.443971395757462
0.921239903270242
0.951816756173736
0.520875821809424
-0.162627861806285
-0.767276397682432
-0.999887245648448
-0.747671843040577
-0.132924627072478
0.546275204761333
0.960596611093971
0.9091430460013
0.416863361617258
-0.277545414315797
-0.837377713578704
-0.991181534175601
-0.664380337613196
-0.0154337897206452
0.640996308377335
0.98661952482446
0.853849755417364
0.307064528493301
-0.388610430429219
-0.89585560515498
-0.968717487171431
-0.571866739874494
0.102271280090529
0.726819907367725
0.998947427100245
0.786704396343996
0.193003411754394
-0.494281245270473
-0.941898355863227
-0.93280692228538
-0.471415207241815
0.218556748609294
0.80255470646481
0.997409197485641
0.708638996213172
0.0762632643775426
-0.593091069481057
-0.974866858142002
-0.883948304817344
-0.364420081561678
0.33180848720419
0.867149450432671
0.982026187749657
0.620737160732763
-0.0415354737254697
-0.683668349345965
-0.994303484704625
-0.822819828649675
-0.252366534610175
0.440454477667719
0.919707516270952
0.95301192548759
0.524219032636265
-0.158757668617916
-0.76475580497793
-0.999938440744899
-0.75027000241251
-0.136809952805056
0.542986632995016
0.959499359007506
0.910769150199147
0.420424355195137
-0.273776189210629
-0.83522788229472
-0.991693508889684
-0.667305871553548
-0.0193543472897512
0.637981730751769
0.985972638324489
0.855884222965883
0.310793875587949
-0.384994493050357
-0.89410637654559
-0.969683134914088
-0.575079039800454
0.0983699109342864
0.724121168458673
0.998759885451562
0.789118987323539
0.196849346259102
-0.490868787512929
-0.940574010519974
-0.934212839148952
-0.474869684045654
0.214728721766121
0.800209266771654
0.997683603905558
0.711400194307992
0.0801724018664431
-0.589929458791859
-0.973985778961676
-0.88577497563209
-0.36806878454081
0.328106938528975
0.865189866399569
0.98275873327335
0.623806638463578
-0.0376173949828027
-0.680801471228773
-0.993877901720272
-0.825041897868724
-0.256158817058292
0.436930787403821
0.918160988378957
0.954192441839292
0.52755418337344
-0.154885034462924
-0.762223453829151
-0.999974261364287
-0.752856626065219
-0.140693175026888
0.539689712579037
0.958387354212052
0.912381250935637
0.423978884570685
-0.270002754680809
-0.833065209028151
-0.992190235896051
-0.670221145383479
-0.0232746072777972
0.634957343887043
0.985310592077583
0.857905530932189
0.314518444094903
-0.381372636218094
-0.892343400671747
-0.970633873367769
-0.578282497642596
0.0944670292987707
0.721411295879945
0.998556987446603
0.79152144526427
0.200692254121734
-0.487448782439863
-0.939235203452994
-0.935604392094423
-0.478316859526963
0.210897393378121
0.797851523522083
0.997942670517483
0.714150454323503
0.0840803066707068
-0.58675877768736
-0.973089724337455
-0.887588027281404
-0.371711828306479
0.324400345070606
0.863216979705694
0.983476168465259
0.626866524903105
-0.0336987378565274
-0.677924125500434
-0.993437037442211
-0.827251281719008
-0.259947160956318
0.433400379143999
0.916600343372955
0.955358287078109
0.530881222741786
-0.151010018885148
-0.759679383171774
-0.999994706955855
-0.755431674228421
-0.144574234031561
0.536384494205326
0.957260613805091
0.913979323423943
0.427526895091094
-0.266225168744492
-0.830889727031011
-0.992671707557259
-0.673126114279251
-0.0271945094091253
0.63192319428421
0.984633396263023
0.859913648237462
0.318238176747561
-0.377744915620226
-0.890566704640257
-0.971569687914522
-0.581477064146398
0.090562695192893
0.718690331296981
0.998338736205011
0.793911733227521
0.204532076255953
-0.484021282635302
-0.937881955246936
-0.93698155972608
-0.48175668068396
0.20706282235337
0.795481512967261
0.998186393338159
0.716889733973291
0.0879869187048687
-0.583579074918125
-0.972178708046558
-0.889387431888954
-0.375349156845345
0.320688763819528
0.86123082068536
0.984178482294515
0.629916773004471
-0.0297795625983384
-0.675036356401521
-0.992980898648889
-0.829447946230315
-0.26373150805664
0.429863307169571
0.915025605248528
0.956509443278609
0.534200099586278
-0.147132681464594
-0.757123632121961
-0.999999777205243
-0.75799510730951
-0.148453070146374
0.533071028692824
0.956119155110799
0.915563343093116
0.431068332204407
-0.262443489483224
-0.82870146975251
-0.993137916470504
-0.676020733576242
-0.0311139934131253
0.628879328594606
0.983941061292862
0.861908544006167
0.321953016353458
-0.37411138703386
-0.888776315768473
-0.972490564165803
-0.584662690194047
0.0866569686472178
0.715958316545762
0.998105135082491
0.796289814461603
0.208368753622867
-0.480586340798508
-0.936514286708564
-0.938344320869386
-0.485189094627938
0.203225067650021
0.793099271547516
0.998414768620242
0.71961799113993
0.0918921779024346
-0.580390399373432
-0.971252744096192
-0.89117316178782
-0.378980714231941
0.316972251842659
0.859231419876258
0.984865663962744
0.632957335868467
-0.0258599294665338
-0.67213820833254
-0.992509492353687
-0.831631857628255
-0.267511800173539
0.426319625864926
0.91343679821776
0.957645892741342
0.537510762877972
-0.143253081816518
-0.754556239975762
-0.999989472034494
-0.760546885895063
-0.15232962373213
0.529749366987468
0.954962995679387
0.917133285587998
0.434603141459529
-0.258657775041923
-0.826500470837905
-0.993588855467627
-0.678904958767948
-0.035032999026298
0.625825793618955
0.983233597812163
0.863890187565936
0.325662905795361
-0.370472106326669
-0.886972261584382
-0.973396487962749
-0.587839326805193
0.0827499097139451
0.713215293632174
0.99785618767076
0.798655652402645
0.212202227231937
-0.477144009743166
-0.935132218866282
-0.939692654571311
-0.488614048584077
0.199384188274956
0.790704835890406
0.998627792852367
0.722335183874993
0.0957960242190697
-0.57719280008033
-0.970311846723553
-0.89294518952196
-0.382606444629744
0.313250866283375
0.857218808020137
0.985537702904276
0.635988166745326
-0.0219398987273603
-0.669229725854082
-0.992022825804679
-0.83380298233426
-0.271287979182982
0.422769389715666
0.911833946709228
0.958767617992785
0.540813161713826
-0.139371279591407
-0.751977246207773
-0.999963791602056
-0.763086970749958
-0.1562038351854
0.526419560161211
0.953792153287498
0.918689126770151
0.438131268507269
-0.254868083627994
-0.824286764128487
-0.994024517615251
-0.681778745508355
-0.0389514659922719
0.622762636306651
0.982511016698438
0.865858548448273
0.329367788032149
-0.366827129453925
-0.885154569825975
-0.974287445376399
-0.591006925137703
0.078841578465534
0.710461304731355
0.997591897797488
0.801009210674478
0.216032438141883
-0.473694342396373
-0.933735772970209
-0.941026540100653
-0.49203148989246
0.19554024328399
0.788298242811531
0.998825462759207
0.725041270400494
0.0996983976312568
-0.573986326203636
-0.969356030395339
-0.894703487845694
-0.386226292291192
0.309524664359557
0.855193016061639
0.98619458878615
0.639009219034566
-0.0180195306527237
-0.666310953685128
-0.991520906484514
-0.835961286966119
-0.275059987024838
0.419212653307558
0.910217075367639
0.959874601786004
0.544107245318633
-0.135487334474066
-0.749386690471113
-0.999922736302771
-0.765615322819462
-0.160075644938542
0.523081659411246
0.952606645937261
0.920230842717858
0.441652659101179
-0.251074473509326
-0.822060383660933
-0.994444896214885
-0.684642049611774
-0.0428693340629578
0.619689903755035
0.981773329061675
0.867813596388455
0.333067606099688
-0.363176512458692
-0.883323268441351
-0.975163422707905
-0.594165436488594
0.0749320349949131
0.707696392187051
0.997312269526229
0.803350453090557
0.219859327461588
-0.470237391798627
-0.93232497049105
-0.942345956948358
-0.49544136600808
0.191693291778737
0.78587952931314
0.99900777530148
0.727736209109519
0.103599238138578
-0.570771027044057
-0.96838530980752
-0.896448029724238
-0.389840201559805
0.305793703362706
0.853154075148409
0.986836311508507
0.642020446286753
-0.0140988855203982
-0.663381936703037
-0.991003742110409
-0.838106738339108
-0.278827765702888
0.415649471327549
0.908586209052983
0.960966827100591
0.547392963043888
-0.131601306181569
-0.746784612596676
-0.999866306767888
-0.768131903229093
-0.163944993460841
0.51973571605921
0.951406491856355
0.921758409726582
0.445167259098389
-0.247277003014282
-0.819821363666786
-0.994849984803031
-0.687494827053857
-0.0467865429994747
0.616607643208671
0.981020546244092
0.869755301327134
0.336762303111709
-0.35952031147054
-0.881478385587225
-0.976024406488744
-0.597314812294048
0.071021339412289
0.704920598510802
0.997017307156418
0.805679343653149
0.223682836351232
-0.466773211101807
-0.930899833120573
-0.943650884827908
-0.498843624502651
0.187843392907929
0.783448732584256
0.999174727676056
0.730419958566243
0.107498485763506
-0.567546952038367
-0.967399699885333
-0.898178788334623
-0.393448116869989
0.302058040657927
0.85110201662991
0.987462861204552
0.645021802202467
-0.010178023611736
-0.660442719942686
-0.990471340634048
-0.840239303466006
-0.28259125728594
0.412079898560865
0.906941372840519
0.962044277143307
0.550670264370482
-0.127713254463249
-0.74417105259251
-0.999794503865033
-0.770636673285504
-0.167811821259425
0.516381781550399
0.950191709497585
0.923271804309336
0.448675014460433
-0.243475730530579
-0.817569738571928
-0.995239777151279
-0.690337033971446
-0.0507030325730759
0.613515902058442
0.980252679820175
0.871683633409659
0.340451822260893
-0.355858582705744
-0.879619949629561
-0.976870383480975
-0.600455004131082
0.0671095518464895
0.702133966381934
0.996707015223229
0.807995846554712
0.227502906022301
-0.46330185356936
-0.929460382770783
-0.944941303675332
-0.502238213065402
0.183990605865168
0.781005889999269
0.999326317315992
0.733092477506569
0.111396080553683
-0.564314150757524
-0.966399215783063
-0.899895737065702
-0.397049982749144
0.298317733683048
0.84903687205741
0.988074228240925
0.648013240634766
-0.00625700521164979
-0.657493348595776
-0.989923710241297
-0.842358949557718
-0.286350403908716
0.408503989891198
0.905282592020302
0.963106935347714
0.553939098908518
-0.123823239099546
-0.741546050643207
-0.999707328698205
-0.773129594476361
-0.171676068880178
0.513019907452781
0.948962317538958
0.924771003197034
0.452175871254291
-0.239670714504393
-0.815305542996047
-0.995614267266428
-0.693168626664903
-0.0546187425660754
0.610414727841535
0.979469741596064
0.873598562987218
0.344136106818893
-0.352191382464299
-0.877747989142488
-0.977701340677245
-0.60358596371828
0.0631967324426784
0.699336538645936
0.996381398497495
0.810299926177763
0.231319477739829
-0.459823372574274
-0.928006641574006
-0.946217193649971
-0.505625079503093
0.180134989889134
0.778551039117918
0.999462541890529
0.735753724839544
0.115291962581712
-0.561072672907778
-0.96538387288352
-0.901598849518662
-0.40064574381643
0.294572839946657
0.846958673183382
0.988670403217492
0.650994715589016
-0.00233589060745822
-0.654533868010143
-0.989360859352208
-0.84446564402379
-0.290105147772745
0.404921800299453
0.903609892096789
0.964154785375053
0.557199416398469
-0.119931319901096
-0.738909647109285
-0.999604782607754
-0.77561062847238
-0.175537676908656
0.509650145456985
0.947718334882683
0.926255983338946
0.455669775652401
-0.235862013439455
-0.813028811751977
-0.995973449390491
-0.695989561597124
-0.0585336127730006
0.60730416823982
0.978671743609809
0.875500060616737
0.347815100138274
-0.34851876713096
-0.875862532908409
-0.978517265301237
-0.60670764291581
0.0592829413625651
0.696528358314606
0.99604046198571
0.812591547096236
0.235132492822187
-0.456337821600273
-0.926538631882047
-0.947478535134476
-0.509004171740827
0.176276604261332
0.776084217684576
0.999583399305142
0.738403659647361
0.119186071947435
-0.557822568328037
-0.964353686798032
-0.903288099507428
-0.404235344785706
0.290823417027865
0.844867451961014
0.989251376967846
0.653966181223949
0.00158525991204083
-0.651564323689053
-0.988782796620816
-0.846559354472901
-0.293855431147249
0.401333384863934
0.90192329878845
0.965187811114248
0.560451166711006
-0.116037556707804
-0.736261882526411
-0.999486867170388
-0.778079737126466
-0.179396585971224
0.50627254737453
0.946459780655592
0.927726721902701
0.459156673934504
-0.232049685896159
-0.81073957984569
-0.996317318000894
-0.698799795395204
-0.0624475830006096
0.604184271079107
0.97785869813092
0.877388097061994
0.351488745653383
-0.344840793174169
-0.873963609916904
-0.97931814480786
-0.60981999372617
0.0553682387821183
0.693709468564417
0.995684210929955
0.814870674075489
0.238941892643317
-0.452845254238977
-0.925056376266176
-0.948725308735186
-0.512375437823825
0.172415508306075
0.773605463627668
0.999688887701604
0.741042241186151
0.123078348776593
-0.554563886990035
-0.963308673366144
-0.904963461059064
-0.407818730465337
0.287069522576289
0.842763240543718
0.989817140559269
0.656927591851506
0.00550638605749729
-0.648584761290335
-0.988189530935182
-0.848640048713366
-0.29760119637025
0.397738798757425
0.900222838027371
0.966205996681969
0.563694299849658
-0.112142009387928
-0.733602797605392
-0.999353584199088
-0.780536882475171
-0.183252736735074
0.502887165137026
0.945186674208414
0.929183196275156
0.462636512488466
-0.228233790490433
-0.808437882474965
-0.99664586781055
-0.70159928485028
-0.0663605930701796
0.601055084329134
0.97703061766041
0.879262643293631
0.355156986880363
-0.341157517144122
-0.872051249364718
-0.98010396688325
-0.61292296829583
0.0514526848917754
0.690879912737484
0.995312650807724
0.81713727207298
0.242747618631419
-0.449345724190089
-0.9235598975167
-0.949957495282431
-0.515738825917444
0.16855176138935
0.771114815059085
0.999779005457987
0.743669428886606
0.126968733224008
-0.551296678997188
-0.962248848655383
-0.906624908414179
-0.411395845759458
0.283311214308995
0.840646071284636
0.990367685292939
0.659878901939261
0.00942742753993581
-0.645595226626369
-0.987581071416916
-0.850707694753749
-0.301342385848587
0.394138097248418
0.898508535958758
0.967209326423242
0.566928765949691
-0.108244737836933
-0.73093243323079
-0.999204935743143
-0.782982026738558
-0.187106069910254
0.499494050796157
0.943899035115848
0.930625384062318
0.466109237810294
-0.224414385893728
-0.806123755029506
-0.996959093767865
-0.704387986919181
-0.0702725828172964
0.597916656102837
0.97618751493032
0.881123670489704
0.358819767418025
-0.337468995672748
-0.870125480655206
-0.980874719444967
-0.616016518915241
0.0475363398941547
0.688039734339261
0.994925787331909
0.819391306238804
0.246549612272066
-0.445839285260162
-0.922049218642615
-0.951175075830819
-0.519094284308361
0.1646854229179
0.768612310273606
0.999853751188693
0.746285182354601
0.13085716547337
-0.548020994584772
-0.961174228961001
-0.908272416027409
-0.414966635667784
0.27954855001178
0.838515976736018
0.990903002703901
0.662820066109398
0.0133483240719101
-0.642595765662517
-0.986957427421376
-0.852762260802878
-0.305078942059888
0.390531335699014
0.896780418940928
0.968197784911391
0.570154515280004
-0.104345801977471
-0.728250830460276
-0.999040924088074
-0.785415132321643
-0.190956526250582
0.496093256522886
0.942596883175817
0.932053263090188
0.469574796504963
-0.220591530830787
-0.803797233089602
-0.99725699105682
-0.707165858724431
-0.0741834920941413
0.594769034654697
0.975329402903712
0.882971150036133
0.362477030949781
-0.333775285472626
-0.868186333397989
-0.981630390642455
-0.619100598019753
0.0436192640054007
0.685188977038695
0.9945236264507
0.821632741916361
0.250347815108216
-0.44232599136279
-0.920524362871248
-0.952378031659534
-0.522441761404205
0.160816552338095
0.766097987748156
0.999913123744474
0.748889461371819
0.134743585738386
-0.544736884117064
-0.960084830805668
-0.909905958567438
-0.41853104528853
0.275781587537203
0.836372989649342
0.991423084561549
0.665751039140443
0.0172690153675207
-0.639586424516416
-0.98631860853735
-0.854803715271049
-0.308810807553667
0.386918569565119
0.895038513544315
0.969171356948563
0.573371498242775
-0.100445261757106
-0.725558030524628
-0.998861551755651
-0.787836161814396
-0.194804046553436
0.492684834605472
0.941280238409459
0.933466811404273
0.473033135288241
-0.216765284079846
-0.801458352427051
-0.997539555097152
-0.709932857555074
-0.078093260768147
0.591612268380728
0.974456294774472
0.884805053527243
0.366128721243866
-0.330076443336115
-0.866233837407939
-0.982370968856818
-0.622175158190164
0.0397015174517598
0.68232768466722
0.994106174347493
0.823861544642239
0.25414216874023
-0.43880589651554
-0.918985353647813
-0.953566344272689
-0.525781205737263
0.15694520913613
0.763571886141945
0.999957122212454
0.751482225896517
0.138627934263925
-0.541444398089413
-0.958980670939532
-0.911525510917951
-0.422089019817386
0.272010384803687
0.834217142973569
0.991927922869283
0.668671775966935
0.0211894411447054
-0.636567249457957
-0.985664624586913
-0.856832026769918
-0.312537924950048
0.383299854394122
0.893282846551451
0.970130027565673
0.576579665376274
-0.0965431771485238
-0.722854074827255
-0.998666821503778
-0.790245077992464
-0.198648571661786
0.489268837450438
0.939949121060822
0.934866007270832
0.476484200986905
-0.212935704470406
-0.799107149002591
-0.997806781544273
-0.712688940867172
-0.0820018287254177
0.588446405817364
0.973568203966855
0.886625352765673
0.36977478215336
-0.326372526134264
-0.864268022705733
-0.983096442701483
-0.625240152154344
0.0357831604709265
0.679455901218918
0.993673437440763
0.826077680148169
0.257932614828975
-0.435279054842179
-0.917432214635497
-0.954739995399338
-0.529112565961581
0.15307145283465
0.761034044294419
0.999985745916131
0.754063436063392
0.142510151326032
-0.538143587124424
-0.957861766339264
-0.913131048177553
-0.42564050454837
0.268234999795292
0.832048469855755
0.992417509865117
0.671582231681985
0.0251095411250302
-0.633538286908763
-0.98499548562538
-0.858847164113688
-0.316260236943885
0.379675245825933
0.891513444956564
0.971073782022696
0.579778967353015
-0.092639608147248
-0.720139004941993
-0.998456736326549
-0.7926418438176
-0.202490042464206
0.485845317579596
0.938603551596166
0.936250829176393
0.479927940538758
-0.209102850884317
-0.796743658967243
-0.998058666289511
-0.715434066285255
-0.0859091358693856
0.585271495641818
0.972665144135733
0.888432019763973
0.373415157619168
-0.322663590817016
-0.862288919516835
-0.983806801021979
-0.628295532786356
0.03186425330839
0.676573670848177
0.993225422384101
0.828281114359616
0.261719095094735
-0.431745520568572
-0.91586496971411
-0.955898966994098
-0.532435790855699
0.149195342994971
0.758484501225968
0.999998994415411
0.756633052185843
0.146390177233975
-0.534834501974229
-0.956728134208689
-0.914722545660707
-0.429185444876722
0.264455490560599
0.829867003640544
0.992891838021385
0.674482361535597
0.0290292550359794
-0.630499583439713
-0.984311201941167
-0.860849096318301
-0.319977686302622
0.376044799589813
0.889730335964643
0.972002605808902
0.582969354982375
-0.0887346147727582
-0.717412862614505
-0.99823129945408
-0.795026422438932
-0.206328399896011
0.482414327631409
0.937243550704345
0.937621255829055
0.483364300995446
-0.205266782253773
-0.794367918660942
-0.998295205460027
-0.718168191601537
-0.0898151221244547
0.582087586668576
0.971747129166141
0.890225026743454
0.377049791668973
-0.318949694409959
-0.860296558270337
-0.984502032896125
-0.631341253108074
0.027944856219917
0.673681037870507
0.992762136065824
0.830471813398228
0.265501551318116
-0.428205348025126
-0.914283642980979
-0.957043241237491
-0.535750829324398
0.145316939213925
0.755923296137341
0.999996867506589
0.759191034754487
0.150267952331387
-0.531517193516646
-0.955579791977883
-0.916299978897095
-0.432723786297072
0.260671915210505
0.827672777868398
0.993350900045037
0.677372120937048
0.0329485226093821
-0.62745118577251
-0.983611784055188
-0.862837792603666
-0.323690215868471
0.372408571505832
0.887933546991948
0.972916484643446
0.586150779211348
-0.0848282570664346
-0.714675689760702
-0.997990514352582
-0.797398777192274
-0.210163584941497
0.478975920358203
0.93586913929611
0.938977266157609
0.48679322952147
-0.201427557559063
-0.79197996461129
-0.998516395418893
-0.720891274777367
-0.0937197274335259
0.578894727852137
0.970814173172736
0.892004346136187
0.380678628418106
-0.315230894016688
-0.858290969599981
-0.985182127634597
-0.634377266290967
0.0240250294669886
0.670778046761869
0.992283585609291
0.832649743581204
0.269279925343126
-0.424658591642877
-0.91268825874958
-0.958172800535551
-0.53905763039698
0.141436301122714
0.753350468407558
0.999979365222368
0.761737344439406
0.154143416994935
-0.528191712757275
-0.954416757302826
-0.91786332363338
-0.436255474405307
0.256884331919305
0.82546582627672
0.993794688877882
0.680251465455731
0.0368672835857484
-0.624393140778093
-0.982897242721448
-0.864813222392503
-0.327397768560364
0.368766617481692
0.886123105665083
0.973815404474792
0.589323191123634
-0.0809205950892753
-0.7119275284653
-0.997734384724171
-0.799758871601395
-0.213995538632625
0.475530148627545
0.934480338503299
0.94031883931306
0.490214673395204
-0.197585235830783
-0.78957983353409
-0.998722232765258
-0.72360327394482
-0.0976228917623182
0.575692968284615
0.969866290500326
0.893769950584381
0.384301612072296
-0.311507246814469
-0.856272184342545
-0.985847074780454
-0.63740352565469
0.0201048333192834
0.667864742156479
0.991789778372222
0.834814871421191
0.273054159074571
-0.421105305954499
-0.911078841549623
-0.959287627521023
-0.542356143230169
0.137553488389365
0.750766057595381
0.999946487831849
0.764271942090011
0.158016511638383
-0.524858110826597
-0.953239048066142
-0.919412555832201
-0.43978045490166
0.253092798922695
0.823246182798712
0.994223197696451
0.68312035081967
0.0407854777117867
-0.621325495473957
-0.982167588926283
-0.866775355311402
-0.331100287372891
0.365118993515035
0.884299039820034
0.974699351482029
0.592486541942242
-0.0770116889243717
-0.709168420982282
-0.99746291450702
-0.802106669379254
-0.217824202052373
0.472077065419435
0.933077169679717
0.941645954668226
0.493628580010698
-0.193739876145591
-0.787167562332652
-0.998912714334273
-0.726304147405288
-0.101524555098253
0.572482357193121
0.968903495722847
0.895521812940915
0.387918686926426
-0.307778810056603
-0.854240233537237
-0.986496864110121
-0.640419984668702
0.0161843280512502
0.664941168847456
0.991280721947283
0.836967163629184
0.27682419448354
-0.417545545594503
-0.909455416126578
-0.96038770505303
-0.545646317107935
0.13366856071242
0.748170103437073
0.999898235840549
0.76679478873579
0.161887176711482
-0.521516438980155
-0.952046682375202
-0.920947651673547
-0.443298673586428
0.2492973745171
0.821013881561431
0.99463641991224
0.685978732918539
0.0447030447438301
-0.618248297027513
-0.981422833888429
-0.868724161192533
-0.334797715378259
0.361465755689626
0.882461377502693
0.975568312073787
0.595640783029312
-0.0731015986712247
-0.706398409735056
-0.997176107875106
-0.804442134427599
-0.221649516332307
0.468616723826491
0.931659654399107
0.942958591817686
0.497034896877297
-0.189891537627295
-0.784743188096528
-0.999087837197204
-0.728993853631854
-0.105424657450246
0.569262943943275
0.967925803643616
0.897259906270265
0.391529797366435
-0.304045641069169
-0.852195148426987
-0.987131485632583
-0.64342659695489
0.0122635739423181
0.662007371786997
0.990756424161374
0.839106587112777
0.280589973602829
-0.413979365294061
-0.907818007441299
-0.961473016217034
-0.548928101442461
0.129781577824286
0.745562645846527
0.999834609990341
0.769305845586907
0.165755352699773
-0.518166748597569
-0.950839678563128
-0.92246858755467
-0.44681007636714
0.24549811705878
0.81876895688849
0.995034349171783
0.688826567804497
0.048619924447626
-0.615161592751635
-0.98066298905881
-0.8706596100715
-0.338489995726945
0.357806960174271
0.880610146967895
0.976422272889436
0.598785865887052
-0.0691903844504886
-0.703617537312756
-0.996873969238098
-0.806765230836855
-0.225471422656602
0.465149177052526
0.930227814456858
0.944256730579549
0.50043357162262
-0.186040279447071
-0.782306748101782
-0.999247598661479
-0.731672351269146
-0.109323138853929
0.566034778034548
0.966933229295405
0.898984203848511
0.395134887870391
-0.300307797251222
-0.850136960455136
-0.987750929590342
-0.646423316283922
0.00834263127574235
0.659063396082113
0.990216893075797
0.841233108976684
0.284351438532426
-0.410406819885944
-0.906166640669638
-0.96254354432642
-0.552201445774921
0.125892599490325
0.742943724914509
0.999755611259518
0.771805074034798
0.169620980130205
-0.514809091181748
-0.949618055188539
-0.92397534009071
-0.450314609253269
0.241695084962926
0.816511443295515
0.995416979356748
0.691663811689555
0.052536056599944
-0.61206543010571
-0.979888066120363
-0.872581672190183
-0.342177071648575
0.354142663225775
0.878745376678878
0.977261220799259
0.601921742158481
-0.065278106398285
-0.700825846472794
-0.996556503241609
-0.80907592288951
-0.229289862263159
0.46167447841375
0.928781671867953
0.945540350994376
0.50382455198942
-0.182186160818303
-0.779858279808863
-0.999391996270646
-0.734339599134128
-0.113219939368499
0.562797909101357
0.965925787939123
0.900694679163847
0.398733903007246
-0.296565336073693
-0.848065701267191
-0.988355186459184
-0.649410096581014
0.00442156033767707
0.656109286999045
0.98966213698607
0.843346696525717
0.288108531438216
-0.406827964299554
-0.904501341202059
-0.96359927292099
-0.55546629977626
0.12200168550342
0.740313380908038
0.999661240862726
0.774292435652769
0.173483999565775
-0.511443518358096
-0.948381831033843
-0.925467886114188
-0.453812218361138
0.237888336702326
0.814241375493517
0.995784304584034
0.694490420951202
0.0564513809872313
-0.608959856694909
-0.979098076987762
-0.874490317996064
-0.345858886452795
0.35047292118383
0.876867095307924
0.978085142903783
0.605048363628535
-0.0613648246675462
-0.698023380138598
-0.99622371476678
-0.811374175056621
-0.233104776440522
0.458192681333514
0.927321248867445
0.946809433325514
0.507207785840333
-0.178329240999699
-0.777397820864856
-0.999521027804597
-0.736995556216735
-0.117114999077642
0.559552386911934
0.964903495064603
0.902391305916991
0.402326787442288
-0.292818315078507
-0.845981402710362
-0.988944246948404
-0.65238689192315
0.00050042141624879
0.653145089957099
0.989092164421803
0.845447317261593
0.291861194553302
-0.403242853560065
-0.902822134643246
-0.964640185768595
-0.558722613247966
0.118108895689377
0.737671654269766
0.999551500250912
0.776767892196581
0.177344351610922
-0.50807008187372
-0.947131025106938
-0.926946202677096
-0.457302849914743
0.234077930808672
0.811958788385754
0.9961363192059
0.697306352128138
0.0603658374110794
-0.605844920267658
-0.978293033807704
-0.876385518142685
-0.349535383530569
0.346797790472275
0.874975331733755
0.978894026534954
0.608165682222999
-0.0574505994266363
-0.69521018139895
-0.995875608930372
-0.813659952002391
-0.236916106533213
0.454703839347537
0.925846567909958
0.948063958060876
0.510583221156703
-0.174469579294375
-0.774925409100077
-0.99963469127937
-0.739640181680502
-0.121008258094971
0.556298261367557
0.963866366390387
0.904074058021587
0.405913485932145
-0.289066791877701
-0.843884096830656
-0.989518102000948
-0.655353656539806
-0.00342072519982547
0.650170850533091
0.988506984146567
0.847534938887352
0.295609370178901
-0.399651542791736
-0.901129046811514
-0.965666266864758
-0.56197033612284
0.114214289901036
0.73501858561736
0.999426391111421
0.779231405605325
0.181201976912442
-0.504688833596637
-0.945865656639354
-0.928410267049519
-0.460786450242929
0.230263925866801
0.809663717067173
0.996473017809853
0.700111561924558
0.0642793656850623
-0.602720668718505
-0.97747294895779
-0.878267243491199
-0.353206506352919
0.343117327597801
0.873070115043032
0.979687859255846
0.611273650012864
-0.0535354908584264
-0.692386293508951
-0.995512191084662
-0.815933218582025
-0.240723793940417
0.45120800609703
0.924357651669336
0.949303905911028
0.513950806039785
-0.170607235044476
-0.772441082528903
-0.999732984947347
-0.742273434863192
-0.124899656558627
0.553035582501784
0.962814417862289
0.905742909604609
0.409493943329812
-0.285310824152532
-0.841773815875765
-0.990076742793551
-0.658310344817098
-0.00734181921989141
0.647186614457214
0.987906605157683
0.849609529304199
0.299353000685224
-0.396054087210826
-0.899422103739398
-0.966677500432931
-0.565209418466141
0.110317928019611
0.732354215742874
0.999285915367848
0.781682938000585
0.185056816156368
-0.501299825514577
-0.944585745086666
-0.929860056720847
-0.464262965784271
0.226446380520424
0.807356196826265
0.996794395219165
0.702906007209172
0.0681919056356639
-0.599587150083781
-0.976637835047266
-0.880135465108624
-0.35687219847648
0.339431589149083
0.871151474529935
0.980466628860942
0.614372219211806
-0.0496195591593688
-0.689551759885765
-0.995133466817352
-0.8181939398423
-0.244527780117328
0.447705235331909
0.922854523038296
0.950529257811823
0.517310488711534
-0.166742267636971
-0.769944879348909
-0.999815907297252
-0.744895275277421
-0.12878913463716
0.549764400479685
0.96174766565495
0.907397835006757
0.413068104585483
-0.281550469652594
-0.839650592292159
-0.990620160736874
-0.661256911293658
-0.0112628003568319
0.644192427612323
0.987291036686447
0.851671056614431
0.303092028512367
-0.392450542130988
-0.897701331671278
-0.96767387092532
-0.568439810474482
0.106419869953768
0.729678585611812
0.999130075180066
0.784122451689866
0.188908810073364
-0.497903109736154
-0.943291310128207
-0.931295549400114
-0.467732343085869
0.222625353464589
0.805036263141865
0.997100446492373
0.705689645016201
0.0721033971077403
-0.596444412542662
-0.97578770491636
-0.881990154270481
-0.360532403537982
0.335740631795911
0.869219439693483
0.981230323376331
0.617461342176936
-0.0457028645385722
-0.686706624112531
-0.994739441951489
-0.820442081024716
-0.248328006576047
0.444195580909976
0.921337205128077
0.951739994922529
0.520662217515405
-0.162874736495579
-0.767436837940275
-0.99988345705408
-0.747505662611586
-0.132676632528197
0.546484765597069
0.960666126169642
0.909038808782852
0.416635914743258
-0.277785786194494
-0.837514458724558
-0.991148347475637
-0.664193310665124
-0.0151836083234463
0.641188336036349
0.986660288197198
0.853719489121909
0.306826396171194
-0.388840962957838
-0.895966757064951
-0.968655363021957
-0.571661462480341
0.102520175636445
0.726991736364054
0.998958872944184
0.78654990916461
0.19275789943739
-0.494498738486133
-0.94198237166601
-0.932716723015516
-0.471194528804579
0.218800903449206
0.802703951683936
0.997391166923918
0.708462432546034
0.0760137799586387
-0.593292504416069
-0.974922571636084
-0.883831282460138
-0.364187065261496
0.332044512288319
0.867274040240426
0.981978931059885
0.620540971413111
-0.0417854672168753
-0.683850929934419
-0.994330122545372
-0.822677607562367
-0.252124414886482
0.440679096792027
0.919805721268087
0.952936098627553
0.524005940917149
-0.159004701086574
-0.764916996865201
-0.999935633179257
-0.750104556728968
-0.136562090459363
0.54319672827933
0.959569816035866
0.910665805702228
0.420197318948199
-0.274016831663146
-0.835365448017912
-0.991661294888802
-0.667119497783112
-0.0191041828356516
0.638174385918124
0.986014369388253
0.8557547953304
0.310556046244651
-0.385225405190184
-0.894218406590236
-0.969621961632102
-0.574874324949081
0.09861890502845
0.724293709309798
0.99877231129251
0.788965273100785
0.196604025067067
-0.49108676410816
-0.940658949826011
-0.934123555716567
-0.474649469707828
0.214973089278144
0.800359298312755
0.997666552043845
0.711224327165888
0.0799229940663805
-0.590131474165924
-0.97404244850853
-0.88565882136947
-0.367836127455049
0.328343287455709
0.865315306081204
0.982712440401445
0.6236110595683
-0.0378674274259212
-0.680984721257943
-0.99390551489246
-0.824900485083089
-0.255916946677248
0.437155837046718
0.918260095005536
0.954117550536708
0.527341607505603
-0.15513222091339
-0.762385394867309
-0.999972434870532
-0.752691917671377
-0.140445448691445
0.539900339082579
0.958458752109862
0.912278800749304
0.423752262440968
-0.270243664006511
-0.833203593213173
-0.992158995089411
-0.670035427655916
-0.0230244636134087
0.63515062359841
0.985353290190667
0.857776943946448
0.314280921386493
-0.381603924418758
-0.892456307128558
-0.97057365189389
-0.57807834848158
0.094716118113019
0.721584545933605
0.998570393093506
0.791368506362269
0.200447127826584
-0.487667239063975
-0.939321064956231
-0.935516025872124
-0.478097112674436
0.211141969803891
0.79800233907836
0.997926597617899
0.713975286410465
0.0838309793237827
-0.586961370394406
-0.973147349065556
-0.887472742899291
-0.371479534011495
0.32463701420555
0.863343267332861
0.983430840122994
0.626671559440021
-0.0339488054072312
-0.678108042153603
-0.993465625521223
-0.82711067940997
-0.259705543636561
0.433625855845251
0.916700350105084
0.955284332484258
0.530669165993864
-0.151257355515703
-0.759842070871054
-0.99999386156207
-0.75526770565674
-0.144326647514817
0.536595648689052
0.957332951474317
0.913877769123038
0.427300690563217
-0.266466341238638
-0.831028927550524
-0.992641440425288
-0.672941055450894
-0.0269443903793761
0.632117095568832
0.984677060768806
0.85978590387866
0.318000964326483
-0.377976576325361
-0.890680485773556
-0.971510419174683
-0.581273483814989
0.0908118748971537
0.718864287889069
0.998353121451752
0.793759571997217
0.204287148626609
-0.484240215928639
-0.937968737627216
-0.936894112072375
-0.481537404695434
0.207307603932865
0.795633110219998
0.998171299647888
0.7167152679826
0.0877376756439172
-0.583782241843203
-0.972237287070006
-0.88927301915979
-0.375117228913605
0.320925749524654
0.861357954316335
0.984134119178913
0.629722423970726
-0.0300296614112786
-0.675220936850227
-0.993010461195303
-0.829308156559311
-0.263490147513579
0.430089207462584
0.91512651054847
0.956436426530574
0.533988565218156
-0.147380164472558
-0.757287063980821
-0.999999912924426
-0.757831881081225
-0.148205627254851
0.533282707910145
0.956192431439282
0.915462686239357
0.43084254875636
-0.26268492143878
-0.828841484466122
-0.993108623478626
-0.675836336491774
-0.0308639028648379
0.629073848471168
0.983985691520222
0.861781644238427
0.321716117867384
-0.374343416682006
-0.888890969828414
-0.972432249071286
-0.584459681821638
0.0869062354102474
0.716132977001305
0.998120499707891
0.796138433243093
0.208124028425196
-0.480805747395672
-0.936601988631572
-0.938257793129138
-0.484970292874872
0.203470050620066
0.793251648165566
0.998400654371329
0.719444229753916
0.0916430229610322
-0.580594137392765
-0.971312276514471
-0.891059622470957
-0.378749156229014
0.317209550473996
0.859359397555961
0.984822266755745
0.632763606252083
-0.0261100556961078
-0.672323449739282
-0.992540028912889
-0.83149288274499
-0.267270700117097
0.426545946276593
0.913538600533958
0.957573814961721
0.537299754142466
-0.143500707396959
-0.754720413481816
-0.999990588864559
-0.760384404519845
-0.152082328270592
0.529961567683725
0.955037209540607
0.917033527728754
0.434377782562827
-0.258899462746114
-0.82664129759283
-0.993560537066128
-0.678721226262722
-0.0347829408042659
0.626020929096632
0.983279193074689
0.863764134340395
0.325426324885845
-0.370704501350062
-0.887087786808317
-0.973339127410173
-0.587636893513862
0.0829992597031615
0.713390655266328
0.997872531438551
0.798505053523067
0.211957708228692
-0.47736388626989
-0.935220838983644
-0.939607048074607
-0.48839572443104
0.199629368868166
0.790857989531053
0.998614658261823
0.72216212976547
0.0955469612273997
-0.577397106061174
-0.970372331621058
-0.892832525363009
-0.382375260115721
0.313488474192143
0.857347627781087
0.98549527227325
0.635795059525684
-0.0221900485286807
-0.669415625370526
-0.99205433590707
-0.833664824375153
-0.271047143320833
0.422996126765186
0.911936644476892
0.958696480289871
0.540602681855858
-0.139619043937202
-0.752142158836484
-0.99996588952583
-0.762925236725584
-0.15595669095612
0.526632279073343
0.953867303540318
0.918590269439424
0.437906337626901
-0.255110023365427
-0.824428400759454
-0.993997174239641
-0.681595680407335
-0.0387014439407918
0.622958384385152
0.982557576295164
0.86573334370294
0.329131528337583
-0.367059886279393
-0.885270964437972
-0.974231040247706
-0.590805070039579
0.0790910078473023
0.710637364847223
0.997609220456438
0.800859396449353
0.215788129093091
-0.473914685472563
-0.933825309919191
-0.94094185616404
-0.491813646695285
0.195785617731055
0.788452171119692
0.998813308028972
0.724868926228398
0.0994494304187682
-0.574191197005257
-0.96941746684214
-0.894591700577017
-0.385995484820844
0.309762577892216
0.855322675923297
0.986153125383371
0.638816737180593
-0.0182697001789492
-0.666497508452991
-0.991553389645754
-0.835823948055532
-0.274819419060373
0.419439803509577
0.910320667007282
0.959804405253568
0.543897297573272
-0.135735233775508
-0.749552339686581
-0.999925815288002
-0.76545433863325
-0.159828655741466
0.523294893269382
0.952682731426214
0.9201328874358
0.441428159695553
-0.251316661559196
-0.822202827990218
-0.994418528285481
-0.684459654729663
-0.0426193520271335
0.619886261424651
0.981820852276729
0.867689242048634
0.332831671252234
-0.3634096275075
-0.883440530651158
-0.975107973870349
-0.593964162686735
0.0751815399336974
0.707873148077953
0.997330570809982
0.803201425823751
0.219615232122718
-0.470458198036615
-0.932415422894901
-0.942262196873731
-0.495224007116795
0.191938856306252
0.786034229922801
0.998996600618429
0.727564577524871
0.103350370533021
-0.570976459516108
-0.968447696859062
-0.896337121064307
-0.389609774681894
0.306031918861018
0.853284573117081
0.98679581597157
0.641828592757589
-0.0143490709257485
-0.663569143853961
-0.99103719783097
-0.837970220588686
-0.278587469334067
0.41587703118933
0.908690692972026
0.960897572817998
0.547183550640126
-0.131849336627101
-0.746950995852575
-0.999870366767232
-0.767971671355948
-0.163698163093534
0.519949461584014
0.951483511411594
0.921661357998941
0.444943194619685
-0.247519435653286
-0.819964613504249
-0.994824592725346
-0.687313105194889
-0.0465366048219771
0.616804607449962
0.981069032346828
0.86963179930471
0.336526696738965
-0.359753781158658
-0.881596513592205
-0.975969914794972
-0.59711412288404
0.071270916072072
0.705098047459203
0.997036586783567
0.805531105635747
0.223438958476017
-0.466994477105801
-0.930991199588877
-0.943568049903039
-0.498626753259437
0.188089143740682
0.783604203116412
0.999164533212055
0.730249042207171
0.107249721591552
-0.567752943021676
-0.967463036582446
-0.898068759988908
-0.393218074127635
0.302296554460309
0.851233350699135
0.987423334156199
0.644830579948118
-0.0104282210490499
-0.66063057659828
-0.990505768399624
-0.840103608974766
-0.282351236208294
0.412307864583578
0.90704674743267
0.961975966175246
0.55046139052736
-0.127961412239298
-0.744338167330023
-0.999799544816066
-0.770477196188626
-0.167565153517007
0.516596035455831
0.950269661934974
0.923175657628674
0.448451388352924
-0.243718404031653
-0.81771379171504
-0.995215361315679
-0.690155987930002
-0.0504531420977189
0.613713469843894
0.980302128065101
0.871560985603752
0.340216547985194
-0.356092403443051
-0.879738941613444
-0.976816849768574
-0.600254902198062
0.0673591963894706
0.702312105659321
0.996727272897323
0.807848400065802
0.227259249359802
-0.463523575937502
-0.929552661898494
-0.94485939517392
-0.502021832804548
0.184236539224859
0.781162128063493
0.999317103227753
0.732922279001762
0.111147423640186
-0.564520697086015
-0.966463501151861
-0.899786590726135
-0.396820327678934
0.298556542121168
0.849169040207871
0.988035670288687
0.647822652595353
-0.00650721083358093
-0.657681851867667
-0.989959109522423
-0.842224080412022
-0.286110661811799
0.40873235856977
0.905388855664997
0.963039568744557
0.55373076683832
-0.124071520390582
-0.741713894293481
-0.999713350523421
-0.772970874608646
-0.171429567555271
0.513234666445182
0.949041201659802
0.924675763041473
0.451952686956527
-0.239913625135446
-0.815450397229932
-0.995590828048254
-0.692988259224477
-0.0543689036345767
0.610612896132923
0.979520151222755
0.873476771283034
0.343901168257467
-0.352425550655489
-0.877867843275832
-0.977648765769467
-0.603386452339444
0.0634464410316013
0.699515365513665
0.996402633907044
0.810153273484532
0.231076046036814
-0.460045547897891
-0.928099831942546
-0.946136212831392
-0.505409193551735
0.18038110199421
0.778708042311985
0.999454308319717
0.735584246805257
0.115043416750103
-0.561279771404776
-0.965449105935589
-0.901490586863017
-0.400416479949617
0.294811939349167
0.847091673382938
0.98863281495439
0.650804764694912
-0.00258610056789865
-0.654723015000011
-0.989397229604667
-0.844331602297307
-0.289865688343564
0.405150568122826
0.903717043160567
0.964088364172711
0.55699162930382
-0.120179720889688
-0.739078217091043
-0.99961178521457
-0.775452668273491
-0.17529134579177
0.50986540623337
0.947798149474177
0.926161651172757
0.455447036596138
-0.236105157466075
-0.813174464849307
-0.995950987150238
-0.695809875530942
-0.0582838292265125
0.607502933990041
0.978723113843287
0.875379126887208
0.347580500904469
-0.348753279176663
-0.875983247348297
-0.978465650006584
-0.606508725158186
0.0595327101573739
0.696707870022327
0.996062674804307
0.812445690453532
0.234889289822184
-0.456560446463124
-0.926632732058406
-0.947398483243845
-0.508788783417714
0.176522891327714
0.776241983594209
0.999576146378359
0.7382349046897
0.118937641018761
-0.558030215810067
-0.964419866530385
-0.903180722200683
-0.404006475647319
0.291062803719163
0.84500128216473
0.989214758971745
0.653776870395557
0.00133504946108471
-0.651754111488684
-0.988820137285501
-0.846426142226579
-0.293616258067159
0.40156254831429
0.902031335623428
0.965122336333674
0.560243927786723
-0.11628607357423
-0.736431176248276
-0.999494850451124
-0.777922539025683
-0.179150428848685
0.506488306625758
0.946540524490406
0.927633299176367
0.458934383544651
-0.232293059579903
-0.810886029567384
-0.996295833083904
-0.698620793466178
-0.0621978586798871
0.604383631232234
0.977911028181393
0.877268023166529
0.351254489353621
-0.345075645467598
-0.874085182807301
-0.979267489919704
-0.609621672648385
0.055618063942058
0.693889662352713
0.995707400815969
0.814725615725919
0.23869892208435
-0.45306832521811
-0.925151384803352
-0.948646187003336
-0.512160550441427
0.172661966546997
0.773763989827721
0.999682615530368
0.740874211900101
0.12283003657081
-0.554772080263675
-0.963375798761241
-0.9048569707518
-0.407590259574336
0.287309192874398
0.842897898693899
0.989781493393122
0.656738923999904
0.00525617896266239
-0.648775186981834
-0.988227841437762
-0.848507667995401
-0.297362313315987
0.397968354311487
0.900331758972632
0.966141469330047
0.56348761228269
-0.11239063831204
-0.733772812464559
-0.999362548030988
-0.780380448889052
-0.183006757392323
0.503103419545119
0.945268346045445
0.929090684424923
0.462414674183032
-0.228477390089549
-0.808585126569031
-0.996625360547144
-0.701420969810154
-0.0661109318148398
0.601255035819739
0.977083906723234
0.879143431078416
0.35492307711622
-0.341392706075177
-0.87217367883639
-0.980054273180569
-0.612725246947153
0.0517025625763593
0.691060785835634
0.995336817404641
0.816993014246878
0.242504884250367
-0.449569237855694
-0.923655812954242
-0.949879304925891
-0.515524442779354
0.16879838701541
0.771274099111576
0.999773714138735
0.743502127855076
0.126720543559471
-0.551505414861945
-0.962316918681142
-0.906519306744116
-0.411167776628472
0.28355116452997
0.840781555310609
0.990333009504934
0.659690879965125
0.0091772276482622
-0.645786287281688
-0.987620351168453
-0.85057614759967
-0.301103796494165
0.394368041376672
0.898618339339695
0.967145747492107
0.566722632917571
-0.108493474995729
-0.731103166612434
-0.999214879988416
-0.782826360072479
-0.186860272129999
0.499710797036701
0.943981633699136
0.930533784511015
0.465887854999131
-0.224658207662549
-0.806271791231602
-0.996939564473332
-0.704210361509949
-0.0700229884662137
0.598117195857127
0.976241762186154
0.881005321787893
0.358586207786177
-0.337704517624872
-0.870248764825746
-0.98082598769169
-0.615819400335723
0.0477862662609535
0.688221283966266
0.994950930268202
0.819247851154194
0.246307117800632
-0.446063238175824
-0.922146039505433
-0.951097818051799
-0.518880408710227
0.164932212137127
0.768772349729762
0.99984944080278
0.746118612150525
0.130609102165199
-0.548230269831246
-0.961243242570691
-0.90816770461793
-0.414738971803888
0.279788776465414
0.838652284555275
0.99086929882713
0.662632692903987
0.0130981352300998
-0.642787458343843
-0.986997675817926
-0.85263154923492
-0.304840650073501
0.390761664865763
0.89689110306917
0.968135155378654
0.569948939951927
-0.104594643546287
-0.728422279739763
-0.999051848593798
-0.785260234969044
-0.190710913810949
0.49631049126312
0.942680407235223
0.931962577245863
0.469353872592931
-0.220835571020448
-0.803946059124414
-0.99723844003145
-0.70698892567748
-0.0739339684844809
0.594970159588559
0.97538460751848
0.882853666666956
0.362243825041305
-0.334011136824141
-0.868310470371739
-0.981582621587986
-0.618904085240174
0.0438692352123719
0.685371200403153
0.994549745339696
0.821490091778797
0.250105564274194
-0.442550380084733
-0.920622087670855
-0.952301707645905
-0.522228396635815
0.161063501356223
0.766258780147741
0.999909794358174
0.74872362455598
0.134495652601112
-0.544946695527177
-0.96015478693849
-0.909802139028431
-0.418303790192357
0.276022086530348
0.836510119165598
0.991390353114284
0.665564317583848
0.0170188414221057
-0.639778746276217
-0.986359824960078
-0.854673841299197
-0.308572816598723
0.387149280229582
0.895150076718046
0.969109677777232
0.573166483779923
-0.100694203909897
-0.725730193066009
-0.998873456353887
-0.78768203615689
-0.194558623231715
0.492902554505517
0.941364686661068
0.933377040661341
0.472812673671737
-0.217009538937906
-0.801607966005505
-0.99752198262616
-0.709756619590182
-0.077843811736667
0.591813975402145
0.97451245589933
0.884688437297379
0.365895872644191
-0.330312620461563
-0.866358825276239
-0.982324163235625
-0.62197925423217
0.0399515296548089
0.682510578967535
0.994133268787697
0.823719701645545
0.25390016526965
-0.4390307175941
-0.919083980881738
-0.953490955197898
-0.525568355078221
0.157192314155316
0.763733429011832
0.999954773876957
0.751317125018576
0.138380135109398
-0.541654742437226
-0.959051568519629
-0.911422584846064
-0.421862176982048
0.272251152638789
0.834355092078274
0.991896164354783
0.668485708930759
0.0209392859431255
-0.636760197340079
-0.985706808402136
-0.85670299239139
-0.31230023868619
0.383530943008817
0.893395287055341
0.970069299703813
0.576375214930459
-0.0967922160570202
-0.723026947983145
-0.998679706011479
-0.790091726399797
-0.198403341230349
0.489487039162364
0.940034492205822
0.934777153009476
0.47626420505502
-0.213180170241785
-0.799257547824858
-0.997790187897874
-0.712513400694872
-0.0817524581072759
0.588648691825556
0.973625320738403
0.886509605468143
0.369542294443054
-0.32660902540168
-0.864393859547298
-0.983050601233095
-0.625044860030041
0.0360332098260098
0.679639463642681
0.993701507015513
0.825936646472467
0.257690862441643
-0.435504304819817
-0.917531742787126
-0.954665542422591
-0.528900232684556
0.153318710056896
0.761196335151255
0.999984378667549
0.753899073662145
0.142262489964495
-0.538354461176186
-0.957933604276684
-0.913029017155222
-0.425414077462907
0.268476032770443
0.83218723642851
0.992386724771624
0.671396822027087
0.0248594085133001
-0.633731857945499
-0.985038636184507
-0.85871897131174
-0.316022859025209
0.379906708836933
0.891626761061688
0.971014006404246
0.579575084067935
-0.0928887399837288
-0.720312586054708
-0.998470600545563
-0.792489268647758
-0.202245008694466
0.486063997748655
0.938689844322406
0.936162892762947
0.479708413675222
-0.209347523810252
-0.796894840721152
-0.998043051722823
-0.715259226603594
-0.0856598474992141
0.585474357525266
0.97272321567578
0.888317143178022
0.373183034372617
-0.322900408590121
-0.862415603396414
-0.983761924411355
-0.628100855497733
0.0321143359718019
0.676757898573203
0.993254466661814
0.828140892173871
0.261477597508356
-0.431971195983203
-0.915965397253519
-0.955825451260342
-0.532223978225791
0.14944274861792
0.758647537574612
0.99999860827476
0.756469430787836
0.146142657474001
-0.535045902487278
-0.956800911398828
-0.914621411256516
-0.428959437021313
0.264696784969376
0.830006585546997
0.992862026822235
0.674297612112223
0.0287791488595394
-0.630693774655881
-0.984355318580621
-0.86072174706465
-0.319740620378915
0.376276633439328
0.889844525928925
0.971943783352936
0.582766041993007
-0.0889838357058104
-0.717587149015163
-0.998246143171299
-0.794874626037545
-0.206083566555466
0.482633482895102
0.937330763684725
0.937534238615418
0.483145246574579
-0.205511658571423
-0.794519881021187
-0.998280570213118
-0.717994055099386
-0.0895659198347148
0.582291021309482
0.971806154581598
0.890111022635985
0.37681803645496
-0.319186827048012
-0.860424087240341
-0.984458121833259
-0.631147193649087
0.028194968345167
0.673865928064385
0.992792154599985
0.83033240485829
0.265260312245817
-0.428431445406075
-0.914384968363595
-0.956970663876662
-0.535539540597931
0.145564489432936
0.756087075470743
0.999997462479808
0.759028156876211
0.150020577977348
-0.531729117241379
-0.955653507301561
-0.916199742666213
-0.432498201147096
0.260913467343125
0.82781317296318
0.993322063198644
0.677188034586638
0.0326984467141752
-0.627645994181988
-0.983656866096776
-0.862711288855667
-0.323453465585153
0.372640772628264
0.88804860905967
0.972858616254172
0.585948039643345
-0.0850775632641805
-0.71485067876926
-0.998006337339711
-0.797247761893277
-0.209918955793896
0.479195547347325
0.935957271189692
0.938891169481866
0.486574650911924
-0.201672633504687
-0.792132705242074
-0.998502739716837
-0.720717844132148
-0.0934706150562612
0.579098732121869
0.970874151556384
0.891891216259543
0.380447244800807
-0.315468337873241
-0.858419341699484
-0.985139182794561
-0.634183827645008
0.0242751672094059
0.670963596581162
0.99231457793827
0.832511150830286
0.269038948493622
-0.424885107514007
-0.912790480417667
-0.958101162663951
-0.5388468688228
0.141683992133171
0.753514988207839
0.999980941300307
0.761575212584881
0.153896191851665
-0.528404156434312
-0.954491409627108
-0.917763987116799
-0.436030315430255
0.257126138061801
0.825607032400688
0.993766826827598
0.68006804500752
0.0366172418163429
-0.624588563384732
-0.982943289471974
-0.864687566095437
-0.327161337557354
0.368999182308329
0.886239038066908
0.973758491042328
0.589121028094389
-0.0811699827194331
-0.712103217391386
-0.997751186737995
-0.799608639726986
-0.213751117440356
0.475750243965038
0.93456938795534
0.940233664498905
0.489996573957519
-0.197830507635345
-0.789733350086545
-0.998709556817955
-0.723430551822473
-0.0973738731279632
0.575897539046335
0.969927220929757
0.893657696678291
0.384070603608281
-0.311744998239587
-0.856401397597419
-0.985805096823659
-0.637210710795963
0.0203549928326669
0.668050948749121
0.991821744019612
0.834677096590968
0.27281344815364
-0.421332236833445
-0.911181957931478
-0.959216930239789
-0.542145912048825
0.137801316381114
0.750931315332831
0.999949044990285
0.764110558752084
0.157769439506397
-0.525071071189913
-0.953314636242674
-0.919314120557352
-0.439555725561809
0.253334855357195
0.823388197780631
0.994196310870667
0.682937599094826
0.040535473912908
-0.621521529274472
-0.982214599677674
-0.866650548397856
-0.330864179285417
0.365351918468826
0.884415840773557
0.974643393881029
0.592284958560462
-0.0772611541509144
-0.709344807124925
-0.997480695289173
-0.801957223239176
-0.217579992572404
0.47229762572124
0.933167135320475
0.941561703025104
0.493410963098245
-0.193985340038155
-0.787321852446536
-0.998901018336646
-0.726132136462274
-0.101275634034217
0.572687491302209
0.968965377261171
0.895410436731227
0.387688057167967
-0.308016865393678
-0.854370285961596
-0.986455853681769
-0.64022779656269
0.0164345054892916
0.665128029350444
0.991313660421541
0.836830208837251
0.276583753191338
-0.417772887990868
-0.909559425636744
-0.960317949449166
-0.54543661955182
0.133916521876352
0.748336096570783
0.999901774040146
0.766634156395796
0.161640261388724
-0.521729912755394
-0.952123205242056
-0.920850119153915
-0.443074377338721
0.249539677521884
0.821156703218537
0.994610508724352
0.685796652726946
0.0444530827593924
-0.618444939006733
-0.981470807918046
-0.86860020558056
-0.334561933837011
0.36169903718925
0.88257904521205
0.975513311164931
0.595439782393695
-0.0733511376603324
-0.706575490381281
-0.997194867152166
-0.804293476319379
-0.221405522319908
0.468837745701398
0.931750534845813
0.94287526464146
0.496817765836423
-0.190137189834196
-0.784898249399564
-0.999077121329083
-0.728822556512601
-0.105175837785605
0.569468638245336
0.967988635339718
0.897149409469435
0.391299549859982
-0.30428399665843
-0.852326038020275
-0.987091443363452
-0.64323503855517
0.0125137654584333
0.662194883326252
0.990790334956057
0.838970454465121
0.280349805636681
-0.414207115714012
-0.907922908480585
-0.961404203363441
-0.548718940735763
0.130029668347893
0.745729371824284
0.999839129176723
0.769145966714637
0.165508597984464
-0.518380732502481
-0.950917134944014
-0.922371959289859
-0.446586216659003
0.245740662908337
0.818912583023801
0.995009414020186
0.688645161944723
0.0483700081209007
-0.615358839886464
-0.980711925628946
-0.870536507667646
-0.338254544356307
0.3580405946342
0.880728679623679
0.976368229518381
0.598585451088434
-0.0694399933640331
-0.703795309740837
-0.996893706721738
-0.806617363046984
-0.225227647863727
0.465370657102635
0.930319608312023
0.944174329150953
0.500216929791018
-0.186286116189962
-0.782462578209555
-0.999237863087608
-0.73150177060742
-0.109074424413035
0.566241029366944
0.966997010182764
0.898874588155475
0.394905026154842
-0.300546449427851
-0.850268685205342
-0.987711856096024
-0.646232390537178
0.00859283302313067
0.65925155577593
0.990251775669513
0.841097800566649
0.284111547585017
-0.410634974826481
-0.906272431625146
-0.962475675280624
-0.551992825133955
0.126140815557757
0.74311118117283
0.999761111363178
0.771645951088459
0.169374389814511
-0.51502358192585
-0.949696443891967
-0.923879617566246
-0.450091189527047
0.24193786992801
0.8166558717015
0.99539302062483
0.69148308295211
0.0522861897730465
-0.612263279363388
-0.979937964478597
-0.872459424886976
-0.34194195406914
0.354376647052505
0.878864772459247
0.977208135796749
0.601721916278688
-0.0655277813988771
-0.701004307949082
-0.996577218628251
-0.808928847690441
-0.229046310436619
0.461896413232502
0.928874377720206
0.945458876580371
0.503608402698445
-0.182432178318681
-0.780014876325984
-0.999383241140765
-0.734169737552678
-0.112971333975441
0.563004714292887
0.965990517037426
0.900585946263992
0.398504430618493
-0.296804281168312
-0.848198259149473
-0.988317082340451
-0.649219806422114
0.00467176846938075
0.656298091953019
0.989697990842484
0.843212214432991
0.287868921197969
-0.407056520252697
-0.904608020447209
-0.963532348726878
-0.555258222407898
0.122250023300055
0.740481564871906
0.999667721799094
0.774134071078942
0.173237577442469
-0.511658512644281
-0.948461150855126
-0.925373070802365
-0.45358924205241
0.238131357050457
0.814386603949266
0.995761322640172
0.694310372113881
0.056201567503332
-0.609158305033061
-0.979148936366979
-0.874368927673107
-0.345624106279596
0.350707250780186
0.87698735237625
0.978033017086121
0.604849129738886
-0.0616145619163271
-0.698202527918849
-0.99624540773795
-0.811227894710769
-0.232861451326358
0.45841506751018
0.927414865291396
0.946728887179246
0.50699213241337
-0.178575435474493
-0.777555181383305
-0.999513253253256
-0.736826416327256
-0.116866506556189
0.559759742782881
0.964969171378616
0.902283457482131
0.402097707906898
-0.293057549417235
-0.846114791685623
-0.988907112791123
-0.652197240277197
0.000750632085211828
0.653334537269304
0.989128988989647
0.845313663554872
0.291621868704328
-0.403471807012916
-0.902929700537799
-0.964574207455031
-0.558515082351865
0.118357351395562
0.737840563353892
0.999558961920378
0.776610288430474
0.17709810146885
-0.508285576395972
-0.947211274826069
-0.926852296035223
-0.457080320450649
0.234321182801985
0.812104814658054
0.996114314403411
0.697126985959596
0.0601160811098043
-0.606043964635777
-0.97834485342564
-0.876264986666625
-0.349300944373024
0.34703246223534
0.875096448241688
0.978842860703597
0.607967043388247
-0.0577003950837899
-0.695390012729667
-0.995898279152534
-0.813514468758342
-0.236673011872209
0.45492667346122
0.925941093466214
0.94798434142019
0.510368066909517
-0.174715946957794
-0.775083531200369
-0.99962789742615
-0.73947176608359
-0.120759882263995
0.556506164729358
0.96393298890995
0.903967095709938
0.405684802773563
-0.289306311782207
-0.844018314848954
-0.989481938376138
-0.655164646324153
-0.00317051584024334
0.65036093729035
0.988544778859646
0.847402115620889
0.295370332401369
-0.399880890222374
-0.901237497701796
-0.965601235446187
-0.561763354889874
0.11446285969711
0.735188217224391
0.99943483339922
0.779074565069307
0.180955902536908
-0.504904825041242
-0.945946835022603
-0.928317270521621
-0.460564371046168
0.230507405766961
0.809810538911605
0.996451990487188
0.699932881182626
0.0640296704065206
-0.60292030605584
-0.977525728017978
-0.878147572714602
-0.352972411816907
0.343352337919398
0.873192089128359
0.979637654197489
0.611075609286082
-0.0537853410832387
-0.692566805623845
-0.99553583820925
-0.815788534676121
-0.240480933470257
0.451431284722775
0.924453084904527
0.949225220000643
0.513736154280462
-0.170853772109856
-0.772599963779844
-0.999727171896703
-0.742105746148308
-0.124651401238365
0.553244030158593
0.962881985563537
0.905636835060762
0.409265660064136
-0.285550625940096
-0.841908860872711
-0.990041550257111
-0.658121978936482
-0.0070916150181293
0.647377337736517
0.98794536943496
0.84947753852045
0.299114254653574
-0.396283825094605
-0.899531437957337
-0.966613416909355
-0.565002990078361
0.110566608083709
0.732524567264651
0.99929533814419
0.781526863107284
0.184810921331318
-0.501516310561753
-0.94466785088588
-0.929767971736785
-0.464041340269
0.226690084582054
0.807503811984583
0.996774345699475
0.702728014641143
0.0679422752203876
-0.599787377320822
-0.976691572738012
-0.880016656872134
-0.356638452159602
0.339666934415828
0.871274304316584
0.98041738534751
0.614174779638315
-0.0498694601102868
-0.689732950010697
-0.995158090480783
-0.818050057500168
-0.244285157572094
0.447928955036714
0.922950862485095
0.950451503840996
0.517096342740436
-0.166988970311908
-0.770104517307632
-0.999811075138532
-0.744728316022851
-0.128541003644192
0.549973389226153
0.961816177498509
0.907292649861653
0.412840224721422
-0.281790549636163
-0.839786462191376
-0.990585939829971
-0.661069192645314
-0.0110126051585211
0.644383784482259
0.98733076993169
0.85153990034305
0.302853577897854
-0.392680666934339
-0.897811547536409
-0.967610736281703
-0.568233938106935
0.106668656461876
0.72984965442942
0.999140478300071
0.783967144838149
0.188663098579534
-0.49812008505578
-0.943374342080825
-0.931204377375569
-0.467511174659675
0.222869277941965
0.805184669344689
0.997081375084073
0.705512343358785
0.0718538353920878
-0.596645226600831
-0.975842400411522
-0.881872210400608
-0.360299009035885
0.335976308389272
0.869343123293788
0.981182042164963
0.61726450679281
-0.045952812373263
-0.68688848946064
-0.994765041775163
-0.820299002457562
-0.248085625686604
0.444419738252835
0.921434449305225
0.951663174087185
0.520448580625118
-0.163121600988707
-0.767597230151988
-0.999879605861616
-0.747339435384097
-0.132428629677642
