0.596319433832937
0.957387560453899
0.940761011492039
0.552999052260178
-0.0529240846059452
-0.637968378053335
-0.971330625969743
-0.921497582017758
-0.508128657021377
0.105699827087131
0.677829146144959
0.98255112670298
0.899651265937224
0.461834016371536
-0.158179301110325
-0.715790011451087
-0.991017612455991
-0.875283296788434
-0.414244890615629
0.210215410759924
0.751744572595877
0.996706352322608
0.848461976108323
0.365494668400482
-0.261662302836436
-0.785592051719214
-0.99960140120401
-0.819262481988836
-0.315719992836686
0.312375775671761
0.817237576949281
0.999694644501607
0.787766658358532
0.265060378498515
-0.362213683315336
-0.846592448321085
-0.996985820861631
-0.754062785580373
-0.213657820375323
0.41103633395825
0.873574386395621
0.991482522907694
0.718245333008675
0.161656395870561
-0.458706881478612
-0.898107762882786
-0.983200175959246
-0.680414694198798
-0.109201860963927
0.505091709010681
0.920123812621635
0.972161994795596
0.64067690551177
0.056441241668614
-0.550060803462609
-0.939560826323829
-0.958398918586684
-0.599143348902526
-0.00352242192873345
0.593488119933107
0.956364323540004
0.941949524172956
0.555930439724922
-0.0494062708879721
-0.635251935005613
-0.970487205364267
-0.922859917937488
-0.511159300428439
0.102196481740291
0.675235187929562
0.981889886448787
0.901183606573322
0.464955421061336
-0.154700243741251
-0.713325808732703
-0.990540405958483
-0.87698134710835
-0.417448307531714
0.206770392897923
0.749417032344557
0.996414517154769
0.850320976608065
0.368771118612452
-0.258260980600718
-0.783407697850653
-0.999495755357295
-0.821277222033464
-0.319060292707471
0.309027682706051
0.815202532038795
0.99977548409317
0.789931490787191
0.268455165425353
-0.358928204065826
-0.84471241644251
-0.997252919304336
-0.756371642534834
-0.217097579032442
0.407822677369721
0.871854637133218
0.991935131545219
0.720691742941075
0.165131484879914
-0.455574055182479
-0.896553116561014
-0.98383702616451
-0.682991800010909
-0.112702539919205
0.502048494077262
0.918738626794159
0.972981301526622
0.643377483774875
0.059957698436883
-0.547115729788504
-0.938348983559618
-0.959398385389931
-0.601959830104175
-0.00704480015303538
0.590649442332561
0.955329220540803
0.943126349620116
0.558854929485672
-0.0458878441619621
-0.632527610072853
-0.969631743443902
-0.924210803477646
-0.514183601629177
0.0986918683911322
0.672632851737123
0.981216463401002
0.902704765778562
0.468071056819193
-0.151219266929715
-0.710852755428108
-0.990050909336107
-0.878668516286826
-0.420646544960122
0.20332280953337
0.747080193705357
0.996110318979061
0.852169426754768
0.372042993298715
-0.254856453993231
-0.781213623855204
-0.999377708272262
-0.823281772085287
-0.322396633839335
0.30567575548099
0.813157372507189
0.999843918975682
0.792086522145043
0.271846621496126
-0.355638271416519
-0.842821903799076
-0.9975076443367
-0.758671114812124
-0.220534644052499
0.404603960723472
0.870124070338991
0.992375432752826
0.723129210894475
0.168604525021238
-0.452435576353638
-0.894987346261165
-0.984461669417059
-0.685560431605845
-0.116201820518316
0.498999049979813
0.917342041722009
0.973788535997277
0.64607007933524
0.0634734112803175
-0.544163867778876
-0.937125498235338
-0.960385948462774
-0.604768842492415
-0.0105670909690023
0.587803436252183
0.954282264299338
0.944291473232062
0.561772485256824
-0.0423688480827603
-0.629795437057105
-0.968764250822791
-0.925550221877138
-0.517201523099598
0.0951860305231572
0.670022169856136
0.980530865915117
0.904214724679185
0.471180884987885
-0.147736413865921
-0.708370882221696
-0.989549128662291
-0.880344783390322
-0.423839563218739
0.199872703442107
0.74473408567259
0.995793761569819
0.854007303613792
0.375310251863499
-0.251448765255655
-0.779009856955838
-0.99924726141358
-0.825276107272869
-0.325728974836691
0.302320035585604
0.811102123729777
0.999899948300039
0.794231725693532
0.275234704631369
-0.352343926187214
-0.840920933847311
-0.997749992798224
-0.760961173881555
-0.223968972790103
0.401380223955699
0.868382707484951
0.992803421067481
0.725557706625991
0.172075473202806
-0.449291483932793
-0.893410471410539
-0.985074097966627
-0.688120557113349
-0.119699659343966
0.495943414554257
0.915934074733299
0.974583688191806
0.648754658784501
0.0669883365777219
-0.541205254058951
-0.935890385531376
-0.961361595552016
-0.607570351214417
-0.0140892506738722
0.584950137003732
0.953223467805699
0.945444880552531
0.564683070838837
-0.0388493263123135
-0.62705544985779
-0.967884738264346
-0.926878156517124
-0.520213027394823
0.0916790116349959
0.667403174678586
0.979833102497681
0.905713464540387
0.474284866982242
-0.14425172776335
-0.705880219907305
-0.989035070162877
-0.882010127620544
-0.427027322690197
0.196420117431344
0.742378737355579
0.995464848854724
0.855834584381711
0.37857285376831
-0.248037956668808
-0.776796424495795
-0.999104416399768
-0.827260202851475
-0.329057274353494
0.298960564655969
0.809036811207014
0.999943571371056
0.796367074816079
0.278619372793506
-0.349045209252515
-0.839009530173491
-0.997979961681967
-0.763241791329231
-0.22740052263387
0.398151507064952
0.866630570177043
0.99321909117892
0.727977200004115
0.175544286358847
-0.44614181693019
-0.891822511574198
-0.985674304214518
-0.690672144768667
-0.123196012996681
0.492881625713411
0.914514743297407
0.975366748244356
0.651431188813751
0.0705024307177074
-0.538239925337639
-0.934643660772388
-0.962325314552337
-0.610364321510465
-0.0176112355664243
0.582089579989585
0.952152844196911
0.946586557270625
0.567586650118589
-0.0353293225190125
-0.624307682471286
-0.966993216681101
-0.928194590921267
-0.523218077149664
0.0881708552399809
0.664775898699695
0.979123181806189
0.907200966766527
0.477382964289599
-0.140765251858228
-0.703380799387776
-0.98850874021604
-0.883664528314762
-0.430209783822437
0.192965094339036
0.740014177978297
0.995123584914768
0.857651246386527
0.381830758532434
-0.244624070552375
-0.774573353938173
-0.998949175003174
-0.829234034203505
-0.3323814910939
0.295597384374677
0.806961460564296
0.99997478764748
0.798492543018358
0.282000583987188
-0.345742161541194
-0.837087716493347
-0.998197548134596
-0.765512938858402
-0.230829251006851
0.394917850111427
0.864867680154917
0.993622437929723
0.730387661008926
0.179010921450108
-0.442986614425396
-0.890223486454743
-0.986262280713673
-0.693215162912987
-0.12669083809557
0.489813721446415
0.913084065024632
0.97613770643911
0.654099636213959
0.0740156500991552
-0.535267918407315
-0.933385339427103
-0.963277093506382
-0.613150718714456
-0.0211330019476356
0.579221800701995
0.951070406756734
0.947716489220999
0.570483187069994
-0.031808880377357
-0.621552168990501
-0.966089697134623
-0.929499508755914
-0.526216635078945
0.084661604865544
0.662140374517323
0.978401112648978
0.908677212901464
0.480475138470342
-0.137277029408984
-0.700872651674704
-0.987970145352218
-0.885307964946014
-0.433386907129
0.18950767703331
0.737640436879
0.994769973984174
0.859457267088023
0.385083925733432
-0.241207149264021
-0.772340672865779
-0.998781539149953
-0.831197576838593
-0.335701583812733
0.29223053647045
0.804876097551525
0.999993596741997
0.800608103928584
0.285378296260165
-0.342434824035906
-0.835155516651755
-0.998402749456407
-0.767774588289819
-0.234255115367116
0.391679293216783
0.863094059291578
0.994013456315356
0.732789059732722
0.182475335464221
-0.439825915566467
-0.888613415892085
-0.986838020168778
-0.695749579993827
-0.130184091278553
0.486739739818227
0.911642057666144
0.976896553210428
0.656759967876377
0.0775279511318145
-0.532289270143137
-0.932115437108128
-0.96421692060495
-0.615929508254113
-0.0246545061212933
0.576346834723011
0.949976168915489
0.948834662384017
0.573372645754284
-0.0282880435671858
-0.618788943604455
-0.965174190835325
-0.930792893830315
-0.529208663978124
0.0811513040526626
0.659496634831722
0.977666903985117
0.910142184628671
0.483561351158311
-0.133787103695694
-0.698355807887941
-0.987419292254024
-0.886940417123331
-0.436558653189822
0.186047908412079
0.735257543509851
0.994404020450366
0.861252624078006
0.388332315007652
-0.237787235199289
-0.770098408980538
-0.998601510920053
-0.833150806394159
-0.33901751131588
0.288860062717354
0.802780748042798
0.99999999842123
0.802713731298013
0.288752467703408
-0.339123237772263
-0.833212954622523
-0.998595563101365
-0.770026711562059
-0.2376780732083
0.388435876563373
0.861309729593261
0.994392141484272
0.73518136638012
0.185937485416627
-0.436659759569833
-0.886992319863125
-0.987401515436347
-0.698275364565419
-0.133675729203025
0.483659718969232
0.910188739113653
0.977643279142904
0.659412150792955
0.0810392902368286
-0.529304017502621
-0.930833969571789
-0.965144784187186
-0.618700655651597
-0.0281757043942679
0.57346471772369
0.948870144249915
0.949941062885971
0.576254990320471
-0.0247668557732631
-0.616018040597851
-0.964246709142334
-0.93207473009678
-0.532194126723642
0.0776399963554888
0.65684471244512
0.976920564924297
0.911595863771517
0.486641564061389
-0.130295518019647
-0.69583029925509
-0.986856187756165
-0.888561864592109
-0.439724982651455
0.182585831402405
0.732865527436664
0.994025728853917
0.863037295080594
0.391575886050719
-0.234364370790662
-0.767846590103309
-0.998409092547166
-0.835093698635468
-0.342329232461069
0.285486004934553
0.80067543803617
0.999993992605754
0.804809399001033
0.292123056451929
-0.335807443838861
-0.831260054507931
-0.998775986677139
-0.772269280731951
-0.241098082060015
0.385187640393871
0.859514713199013
0.994758488737932
0.737564551268531
0.189397328350718
-0.433488185719585
-0.885360218481643
-0.987952759524817
-0.700792485289105
-0.137165708546647
0.480573697114872
0.908724127399131
0.978377874971534
0.662056152056746
0.0845496238472761
-0.526312197525297
-0.929540952717899
-0.966060672740584
-0.621464126524046
-0.0316965530773387
0.570575485463905
0.947752346483045
0.951035676999211
0.579130185005856
-0.0212453606847079
-0.613239494350655
-0.96330726356338
-0.933345001650922
-0.535172986273288
0.074127725340356
0.654184640261211
0.976162104726715
0.913038232293488
0.489715738961825
-0.126802315702704
-0.693296157111508
-0.986280838845356
-0.890172287234234
-0.442885856227683
0.179121488959934
0.730464418338267
0.993635103888476
0.864811257952491
0.394814598618044
-0.230938598507338
-0.765585244173633
-0.99820428641872
-0.837026229456082
-0.34563670615811
0.282108404985649
0.79856019365323
0.999975579370083
0.806895081035677
0.295490020685167
-0.332487483376369
-0.829296840538594
-0.998944017945115
-0.774502267974848
-0.244515099488492
0.381934625010751
0.85770903238049
0.995112493530885
0.739938584828698
0.192854821338399
-0.430311233366854
-0.883717131997943
-0.988491745594628
-0.703300910933723
-0.140653986007464
0.477481712544948
0.90724824069481
0.979100331581858
0.66469193886232
0.0880589084087113
-0.523313847332107
-0.928236402589515
-0.96696457490126
-0.624219886583575
-0.0352170084855942
0.567679173791791
0.946622789483948
0.952118491142282
0.581998194136614
-0.017723601994452
-0.610453339337664
-0.962355865754614
-0.934603692731896
-0.538145205666879
0.0706145345859183
0.651516451284824
0.975391532802964
0.914469272298403
0.49278383771686
-0.12330754008664
-0.69075341289951
-0.985693252660237
-0.891771665068396
-0.446041234699984
0.175654924068645
0.728054246006411
0.993232150400725
0.866574490683263
0.398048412525317
-0.227509960854571
-0.763314399249038
-0.997987095075855
-0.838948374878226
-0.348939891369541
0.278727304778197
0.796435041138963
0.99994475894268
0.808970751523821
0.29885331862753
-0.329163397577179
-0.827323337073077
-0.999099654820456
-0.7767256455849
-0.247929083097271
0.378676870775836
0.855892709541667
0.995454151470818
0.742303437604772
0.196309921480845
-0.427128941929814
-0.882063080798531
-0.989018466958316
-0.705800610375994
-0.144140518304747
0.474383803623142
0.905761097312747
0.979810640009967
0.667319478506164
0.0915671003797045
-0.52030900412521
-0.926920335372836
-0.967856479454098
-0.62696790163815
-0.0387370269390024
0.564775818643273
0.945481487267561
0.953189491880191
0.584858982127753
-0.0142016233986977
-0.607659610128082
-0.96139252752053
-0.935850787722477
-0.541110748026715
0.0671004676820149
0.648840178621458
0.974608858713908
0.91588896603064
0.495845822258975
-0.119811234532923
-0.688202098168223
-0.985093436491279
-0.893359978250348
-0.449191078918015
0.172186179739755
0.725635040345372
0.99281687339029
0.868326971395579
0.401277287649008
-0.224078500373108
-0.761034083505056
-0.997757521213369
-0.840860111052799
-0.352238747111162
0.27534274626318
0.794300006861086
0.99990153170595
0.811036384711695
0.302212908548863
-0.325835227684869
-0.825339568597583
-0.999242895372094
-0.778939385975562
-0.251339990527203
0.375414418109538
0.85406576721859
0.995783458318612
0.744659080254893
0.199762585909087
-0.423941350892729
-0.880398085406119
-0.989532917080586
-0.708291552600871
-0.147625262179195
0.471280008786741
0.904262715704594
0.980508791442711
0.669938738387096
0.0950741562324387
-0.51729770518699
-0.925592767397023
-0.968736375332753
-0.62970813759179
-0.0422565647628963
0.561865456041855
0.944328453994584
0.954248665924502
0.5877125134842
-0.0106794685963759
-0.60485834138509
-0.960417260813758
-0.93708627114934
-0.544069576557843
0.0635855682294122
0.646155855477125
0.973814092170574
0.917297295875358
0.498901654596664
-0.116313442421944
-0.685642244572947
-0.984481397780699
-0.894937207073001
-0.452335349800102
0.168715299011747
0.723206831371394
0.992389278009742
0.87006867834563
0.404501183926868
-0.220644259638888
-0.758744325234693
-0.997515567679689
-0.842761414259974
-0.355533232452224
0.27195477143449
0.792155117310059
0.999845898196234
0.813091954969833
0.305568748765234
-0.322503014993687
-0.823345559725773
-0.999373737822773
-0.781143461679933
-0.254747779457526
0.37214730749093
0.852228228078948
0.996100409988394
0.747005483551363
0.203212771783985
-0.420748499805516
-0.878722166479101
-0.990035089578409
-0.710773706702122
-0.151108174394038
0.468170366546166
0.90275311446161
0.981194777217804
0.672549686006661
0.0985800324530239
-0.514279987880316
-0.924253715133804
-0.969604251619936
-0.632440560445075
-0.0457755782887991
0.558948122097705
0.943163703971309
0.955296000133503
0.590558752800732
-0.00715718128860378
-0.602049567865368
-0.959430077734837
-0.938310127683232
-0.54702165454852
0.0600698798392068
0.643463515157333
0.973007243034023
0.918694244358733
0.501951296814653
-0.112814207152542
-0.683073883875176
-0.983857144122363
-0.896503331967025
-0.45547400833372
0.165242324949499
0.720769649212467
0.991949369564451
0.871799589923111
0.407720061358472
-0.217207281262235
-0.756445152848114
-0.997261237476864
-0.844652260909344
-0.358823306516685
0.268563422328406
0.790000399098554
0.999777859103806
0.815137436793857
0.30892079763891
-0.319166800848047
-0.821341335198301
-0.999492180549067
-0.783337845350919
-0.258152407606174
0.368875579456513
0.850380114922117
0.996405002547594
0.749342618381231
0.206660436297599
-0.417550428283457
-0.877035344811433
-0.99052497822106
-0.713247041882312
-0.154589211735003
0.465054915484184
0.90123231231409
0.981868588823869
0.675152288969583
0.102084685542376
-0.511255889647402
-0.922903195197464
-0.970460097547475
-0.635165136295351
-0.0492940238543988
0.556023853007675
0.941987251649365
0.956331481512433
0.593397664762651
-0.0036348051780857
-0.599233324418942
-0.958430990532314
-0.939522342139179
-0.5499669453709
0.0565534461322839
0.640763191067324
0.972188321315231
0.920079794148067
0.504994711074622
-0.109313572141459
-0.680497047941748
-0.983220683261707
-0.898058333500681
-0.45860701557603
0.161767300644032
0.718323524107994
0.991497153512576
0.873519684651774
0.410933880005459
-0.213767607887328
-0.754136594872286
-0.996994533760494
-0.846532627540206
-0.362108928482861
0.26516874102302
0.787835878961294
0.999697415272861
0.817172804804463
0.312269013579418
-0.315826626642007
-0.819326919882509
-0.999598222081397
-0.785522509761717
-0.261553832730019
0.365599274600287
0.8485214506784
0.996697232216969
0.751670455746436
0.210105536672883
-0.41434717600671
-0.875337641332346
-0.991002576930271
-0.715711527453588
-0.158068331011138
0.461933694255939
0.899700328131405
0.982530217900592
0.677746514983995
0.105588072016417
-0.508225448009585
-0.921541224344614
-0.971303902496469
-0.637881831337589
-0.0528118578046572
0.553092685054619
0.940799111625542
0.957355097213545
0.596229214146171
-0.000112383968798369
-0.596409645988111
-0.957420011602277
-0.940722899476597
-0.552905412481304
0.0530363107387761
0.638054916711442
0.971357337174965
0.921453928052227
0.508031859615373
-0.105811580822805
-0.677911768744825
-0.982572023095594
-0.899602192380297
-0.46173433265416
0.158290269211634
0.715868486408023
0.991032635465001
0.875228941189553
0.414142599992547
-0.210325282191953
-0.751818679950631
-0.996715459839686
-0.848402490821984
-0.365390057584415
0.261770769637931
0.785661583754518
0.999604567701502
0.819198033747766
0.315613355043785
-0.312482533818761
-0.817302338772276
-0.999691861104054
-0.787697427806184
-0.264952012626174
0.362318433572989
0.846652258409315
0.996977095370688
0.753988966764497
0.213548030164828
-0.411138782719561
-0.873629077106086
-0.991467879780231
-0.718167132837859
-0.161545489055289
0.458806741587717
0.898157180921639
0.983179656238835
0.680332331862094
0.109090148407124
-0.505188700567298
-0.920167819473879
-0.972135655997384
-0.640590611864366
-0.0563290364920682
0.550154654606988
0.939599298641699
0.958366834536334
0.59905336581895
0.00341003863489246
-0.593578567607739
-0.956397153488524
-0.941911784799597
-0.555837019420621
0.0495185172975222
0.635338725692543
0.970514300923657
0.92281662902163
0.511062704753504
-0.10230827664752
-0.675318078361204
-0.981911171672282
-0.9011348894505
-0.464855920765991
0.154811273793668
0.713404566573659
0.990555821185224
0.876927338328856
0.417346181507509
-0.206880346886747
-0.749491436842667
-0.996424019177081
-0.850261827554327
-0.368666653110754
0.258369550333398
0.783477540455852
0.999499317541733
0.821213098495783
0.318953780537113
-0.309134563870124
-0.815267616987581
-0.999773096455212
-0.789862572498827
-0.268346905131627
0.359033097081635
0.844772561306796
0.997244588536342
0.7562981226685
0.216987874060714
-0.407925288230132
-0.871909673331656
-0.991920880997697
-0.720613827567214
-0.165020642724635
0.455674096277266
0.896602889831384
0.983816895780652
0.682909707520287
0.112590871262389
-0.50214568499887
-0.918782997625773
-0.972955347730323
-0.643291444266502
-0.0598455162772557
0.547209798118378
0.938387827584509
0.959366680927673
0.601870084740157
0.00693241892843321
-0.590740124404418
-0.955362428882129
-0.94308898335709
-0.558761729815238
0.046000109455526
0.632614651711753
0.969659223021274
0.92416788014857
0.514087208883818
-0.0988037030827185
-0.672716008972168
-0.981238137191282
-0.902656405694262
-0.467971741180434
0.151330357555525
0.710931795175893
0.990066716589315
0.878614854996829
0.420544584801922
-0.203432844714728
-0.747154894423649
-0.9961202153887
-0.852110614667526
-0.371938674407644
0.254965125310031
0.781283776163661
0.999381666099452
0.823217974046607
0.32229024861309
-0.305782758336014
-0.813222779774225
-0.999841927126944
-0.792017916975833
-0.27173846812427
0.355743305888915
0.842882382693174
0.997499708395027
0.758597894807457
0.220425025680696
-0.404706732409942
-0.870179451342549
-0.992361574962059
-0.7230515812843
-0.168493748901227
0.452535797192867
0.895037474145498
0.98444192861952
0.685478609979967
0.116090197147126
-0.499096439060502
-0.91738677598251
-0.973762967524885
-0.645984295033433
-0.0633612535295154
0.544258152127083
0.937164713485293
0.960354623981974
0.60467933596146
0.0104547132081363
-0.587894351596024
-0.954315850621432
-0.944254480542954
-0.561679507376542
0.042481130867414
0.629882728568006
0.968792114077191
0.925507664667408
0.517105334479797
-0.0952979036116046
-0.670105592862712
-0.980552928003265
-0.904166722233426
-0.471081755237865
0.147847563686656
0.708450202895626
0.989565327745837
0.880291470255619
0.423737770191615
-0.19998281845076
-0.744809081684216
-0.995804052243995
-0.853948829222763
-0.375206080877285
0.251557536808325
0.779080318097063
0.999251614834415
0.825212635524756
0.325622717874505
-0.302427158803942
-0.811167852503513
-0.999898352265234
-0.794163434494708
-0.275126659523301
0.352449100813108
0.840981746020891
0.997742451781336
0.760888254647032
0.223859442378334
-0.401483155192895
-0.868438432606484
-0.992789956205409
-0.725480363742702
-0.171964764492517
0.449391883272949
0.893460953286817
0.985054747000326
0.688039007367405
0.11958808264324
-0.496041000585696
-0.915979171867614
-0.974558505360559
-0.648669130753627
-0.0668762046273558
0.541299753255632
0.935929971519833
0.96133065144137
0.607481084626998
0.0139768777710404
-0.585041284491652
-0.953257431691847
-0.945408261896365
-0.564590315902318
0.0389616251948947
0.627142990157622
0.967912984850058
0.926835965954774
0.520117044094064
-0.0917909217323671
-0.667486862421644
-0.979855552609938
-0.905665820328749
-0.474185924351
0.144362935400032
0.705959820523199
0.989051660875786
0.881957163302631
0.426925698057158
-0.196530310901025
-0.742454027730027
-0.99547553366576
-0.85577644841246
-0.378468831979455
0.248146827107696
0.776867193595594
0.999109165360232
0.827197058181414
0.328951146973763
-0.29906780690849
-0.809102860671947
-0.999942371169988
-0.796299098434954
-0.278511437289754
0.349150522726939
0.839070674871966
0.99797281568344
0.763169173769597
0.227291081541009
-0.398254596575819
-0.866686638725144
-0.993206019412609
-0.727900144807314
-0.175433646431898
0.446242393525607
0.891873346816116
0.985655343319569
0.690590867914484
0.123084484350849
-0.492979407484888
-0.914560202745923
-0.975341951366713
-0.651345918115
-0.0703903259590397
0.538334638210345
0.934683617008184
0.962294751195741
0.61027529597427
0.0174988689159072
-0.582180958490626
-0.952187185225736
-0.946550313101785
-0.567494119276725
0.0354416361062161
0.624395470473894
0.967021846247666
0.928152767529775
0.523122300358943
-0.0882828009576387
-0.664859850140847
-0.979146019664028
-0.907153681380131
-0.477284210004778
0.140876515931048
0.703460678958019
0.988525722352432
0.883611913470786
0.430108328844352
-0.193075364902382
-0.740089761781401
-0.995134663730086
-0.857593449560324
-0.381726887231481
0.244733038526618
0.774644430118515
0.998954319444345
0.82917121739506
0.3322754946134
-0.2957047443308
-0.8070278299009
-0.99997398329504
-0.798424882298333
-0.281892759427125
0.345847612557606
0.837149192958063
0.998190797243084
0.765440623874659
0.230719900590898
-0.395021096616935
-0.8649240914339
-0.993609759421357
-0.730310894454714
-0.178900351679235
0.443087367028119
0.890274674431617
0.986243710125334
0.693134159959091
0.126579358888367
-0.489911697744581
-0.913129886223382
-0.976113295822745
-0.654014623905326
-0.0739035739231251
0.535362843780872
0.933425665414481
0.963246911283028
0.613061935334023
0.0210206429437638
-0.579313409082426
-0.951105124502107
-0.947680619989145
-0.570390881470837
0.0319212072757378
0.621640203606655
0.966118709326812
0.929458053054205
0.526121065986444
-0.0847735848145226
-0.662224588614963
-0.978424337969039
-0.908630286927039
-0.480376573757335
0.137388348537435
0.700952809208253
0.987987518701403
0.885255700228781
0.433285623064722
-0.18961802332239
-0.737716313172956
-0.994781446666316
-0.859399810121982
-0.384980206209271
0.241316213421544
0.772412055244751
0.998787079008009
0.831135088671131
0.335595719546587
-0.292338012798053
-0.804942785936306
-0.999993188248164
-0.800540759709192
-0.28527058398146
0.342540411285737
0.83521732411996
0.998396393755671
0.767702576779142
0.234145856984947
-0.391782695435876
-0.863150812601549
-0.99400117122225
-0.73271258277354
-0.182364837221401
0.439926842926357
0.888664955968734
0.986819840117462
0.695668851945179
0.130072662893044
-0.486837909427366
-0.911688240046589
-0.976872529158203
-0.656675215012653
-0.0774159049290066
0.532384406839736
0.932156132346713
0.96418711988937
0.615840968131044
0.0245421561579901
-0.576438671846154
-0.950011262946659
-0.948799168534171
-0.573280566543093
0.0284003823828213
0.618877223741777
0.965203585293163
0.930751806332739
0.529113303769784
-0.0812633168435997
-0.659581110540986
-0.977690516479232
-0.91009561864845
-0.483462977239885
0.133898476498611
0.698436242390119
0.987437056600424
0.88688850318134
0.436457541296007
-0.186158329057549
-0.735333711353242
-0.994415886856988
-0.861195507685024
-0.38822874854718
0.237896394187044
0.770170096672481
0.998607446126249
0.833088647643032
0.338911780577653
-0.288967654082953
-0.802847754648269
-0.999999985791074
-0.802646704414793
-0.288644869042527
0.339228959945519
0.833275092327309
0.998589602670264
0.769955004418022
0.237568908215399
-0.388539433213088
-0.861366824230097
-0.994380249958861
-0.735105179964856
-0.185827060072811
0.436760860434712
0.887044211400093
0.987383726147625
0.698194912423652
0.133564353021954
-0.483758080671455
-0.910235282102762
-0.977619641952879
-0.659327658425794
-0.0809272753974556
0.529399364341877
0.930875033556685
0.965115365349103
0.618612359884498
0.0280633648655433
-0.573556782450193
-0.948905614131435
-0.949905944858585
-0.576163138639647
0.0248792051124236
0.616106565161185
0.964276485501146
0.932034011313182
0.532098976582403
-0.0777520405985012
-0.656929448717769
-0.976944564299518
-0.911549658363316
-0.486543382158291
0.130406943115258
0.695911009727907
0.986874342879404
0.888510302069418
0.43962404418275
-0.182696325034445
-0.732941985884379
-0.994037988837772
-0.862980519969285
-0.391472473939043
0.234473623254065
0.767918582218869
0.998415423027856
0.835031870071802
0.342223636562481
-0.285593710003207
-0.800742762031083
-0.99999437583943
-0.804742690285707
-0.292015572743794
0.335913299623662
0.831322521678277
0.998770421589619
0.772197878844314
0.240989011810874
-0.385291350189435
-0.859572148454198
-0.994746990927737
-0.737488656342449
-0.189286977276063
0.433589458835095
0.885412460835021
0.987935361219425
0.700712310052347
0.13705438595197
-0.480672249689707
-0.908771030419517
-0.978354624937047
-0.661971921234318
-0.0844376417610483
0.526407753324194
0.929582384939625
0.966031636144996
0.621376076208446
0.0315842253769311
-0.570667776651289
-0.94778819177484
-0.951000935229923
-0.579038561995281
0.0213577191534196
0.613328262241632
0.963337421453656
0.933304652086458
0.535078047379774
-0.0742397996453687
-0.654269636046051
-0.976186490685222
-0.912992388030551
-0.489617750292048
0.126913791708221
0.69337714255359
0.986299384520177
0.890121076770709
0.442785092436278
-0.179232054207651
-0.730541166441689
-0.993647757297472
-0.864754824827407
-0.394711342138143
0.231047943091063
0.765657539819348
0.998211012095369
0.836964731847045
0.345531246409555
-0.282216222421009
-0.798627834202297
-0.999976358462837
-0.806828691315796
-0.295382653263599
0.332593471459523
0.829359636399566
0.998938848270241
0.77443117222942
0.244406125336344
-0.382038486665175
-0.857766807541453
-0.995101389578566
-0.739862982333578
-0.192744545901919
0.430412677476348
0.883769724519612
0.988474738488403
0.70322101359691
0.140542718380303
-0.477580454769654
-0.907295503164405
-0.979077468991338
-0.664607970629717
-0.0879469604652723
0.523409610905086
0.928278202533939
0.966935920908513
0.624132082811824
0.0351046940074363
-0.567771690295141
-0.946659009741286
-0.952084126062238
-0.581906800932915
0.0178359681987414
0.610542349454719
0.962386404802216
0.934563712887264
0.538050479199284
-0.0707266375623134
-0.651601705527099
-0.975416305042236
-0.914423789749497
-0.492686043496347
0.123419065619094
0.690834672306113
0.985712188656495
0.891720807299378
0.445940646836308
-0.175765559559865
-0.728131282813326
-0.993245197077833
-0.866518400244483
-0.397945312958242
0.227619396201703
0.763386997528083
0.997994215865016
0.838887208986912
0.348834569079402
-0.27883523324241
-0.79650299740273
-0.999945933884846
-0.808904681623283
-0.298746068824472
0.329269516643533
0.827386460845408
0.999094880622357
0.776654856863767
0.247820206394323
-0.378780883000614
-0.855950823891505
-0.995443441514169
-0.742228128478575
-0.196199723051061
0.427230555774777
0.88211602283595
0.989001851262305
0.70572099193029
0.144029307025485
-0.474482734272425
-0.905808718645214
-0.979788165147114
-0.667235773905393
-0.0914551879679345
0.520404974283892
0.926962502521432
0.967828208419657
0.626880345499852
0.0386247270764083
-0.564868559314643
-0.945518082040984
-0.953155503915707
-0.584767819864983
0.0143139959441544
0.607748861367001
0.961423447346498
0.935811178093645
0.541016235160213
-0.0672125979387617
-0.648925690263592
-0.974634016926561
-0.915843845760183
-0.49574822370096
0.119922808208561
0.688283630530915
0.985112762574066
0.89330947380688
0.449090668229909
-0.172296884101937
-0.72571236489983
-0.992830313173673
-0.868271224339131
-0.401174346274175
0.224188025126106
0.761106983516522
0.997765037026675
0.84079927763803
0.352133563586173
-0.275450784417342
-0.794368277996557
-0.999903102482948
-0.810970635450062
-0.302105777695179
0.325941476417643
0.825403019498226
0.999238516710017
0.778868905157213
0.251231212624177
-0.375518579614034
-0.854124220036337
-0.995773142490496
-0.744584065432055
-0.19965246585295
0.424043133212235
0.88045137630233
0.989516693000916
0.708212214034343
0.147514108628024
-0.47137912663337
-0.904310695309024
-0.980486704586348
-0.669855298456551
-0.0949622807408339
0.517393880740916
0.925635301226559
0.968708487607434
0.629620830173118
0.0421442809095098
-0.561958419730378
-0.944365422830136
-0.954215055497352
-0.587621583293408
0.0107918460888519
0.604947832638309
0.960448561034486
0.937047032227806
0.543975278465054
-0.0636977243754821
-0.646241623457743
-0.973839636044456
-0.917252538443086
-0.498804252912395
0.11642506285653
0.685724048880363
0.984501113710167
0.894887056581641
0.452235117533411
-0.168826070871215
-0.723284442714226
-0.992403110732606
-0.870013275363194
-0.404398402021416
0.220753872438547
0.758817526074147
0.997523478423902
0.842700914076665
0.355428188997608
-0.272062917938008
-0.792223702470023
-0.999847864788578
-0.813026527163155
-0.305461738190042
0.322609392074817
0.823409336967235
0.999369754751037
0.781073289638679
0.254639101704414
-0.372251616982866
-0.852287018639411
-0.996090488416835
-0.74693076396244
-0.203102731468144
0.420850449336649
0.878775805573059
0.990019257316406
0.710694648999002
0.150997079949925
-0.468269670360086
-0.902801451742695
-0.981173078641985
-0.672466511781792
-0.0984681952697354
0.514376367635994
0.924296615116478
0.969576747549699
0.632353502829341
0.0456633118374409
-0.55904130765017
-0.943201046410168
-0.955262767660657
-0.590468055810042
0.00726956233366217
0.602139298022751
0.959461757962015
0.938271259955892
0.5469275723994
-0.0601820604827961
-0.643549538412616
-0.973033172252225
-0.918649850320044
-0.501854093212395
0.112925872960919
0.683155959112122
0.983877249653946
0.896453536050115
0.455373955732278
-0.165353162932133
-0.720847546380475
-0.9919635950552
-0.871744531702015
-0.407617440197512
0.2173169807487
0.756518653607391
0.997269543053819
0.844592094708026
0.358718404435556
-0.268671675839345
-0.790069297432214
-0.99978022148709
-0.815072331253697
-0.308813908669889
0.319273304957443
0.821405437989429
0.999488593117091
0.783267982957563
0.258043831351008
-0.368980035641512
-0.850439242495674
-0.996395475355658
-0.749268194953534
-0.206550477087044
0.417652543761536
0.877089331437449
0.990509537973145
0.713168266023469
0.15447817777624
-0.465154404033535
-0.90128100667216
-0.98184727879784
-0.675069381482163
-0.101972888055136
0.511352472408903
0.922946460801102
0.970432977473633
0.635078329562897
0.049181776198071
-0.556117259267695
-0.942024967228299
-0.956298627406206
-0.593307202097569
0.00374718838164348
0.599323292366845
0.958463050372773
0.939483846088185
0.549873080332963
-0.0566656498817388
-0.640849468529983
-0.972214635555985
-0.920035764053734
-0.504897706760379
0.10942528193836
0.680579393090085
0.983241178145895
0.898008892776064
0.458507143880986
-0.161878203374328
-0.71840170613459
-0.991511771594717
-0.873464971875265
-0.410831420862574
0.21387739269956
0.754210394639277
0.997003234067151
0.846472796067545
0.362004169077003
-0.265277100198498
-0.78790508961362
-0.999700173417778
-0.817108022338584
-0.312162247543008
0.315933256458436
0.819391347427979
0.999595030333701
0.785452957882933
0.261445359320344
-0.36570387618252
-0.848580914531636
-0.99668809952289
-0.751596329403447
-0.209995659931989
0.414449456164482
0.875391974820581
0.990987528888012
0.715633034416592
0.157957358915603
-0.462033366305966
-0.899749378962185
-0.982509296688715
-0.677663875262908
-0.105476315612239
0.508322232578901
0.92158485503229
0.971277166755458
0.637795276565251
0.0526996303362992
-0.553186310863444
-0.940837199876538
-0.957322621881641
-0.596138986928929
0.000224767936177312
0.596499850610529
0.95745245065835
0.940684775579687
0.552811765719179
-0.0531485362019292
-0.638141447310771
-0.971384036111775
-0.921410262448619
-0.507935055792922
0.105923333221967
0.677994382782648
0.982592907078148
0.899553107461308
0.461634643104925
-0.158401235313793
-0.71594695232348
-0.991047645957123
-0.875174574536368
-0.414040304138946
0.210435150967575
0.751892777809816
0.996724554768094
0.848342994820186
0.365285442153417
-0.261879233133209
-0.78573110586692
-0.999607721573832
-0.819133575160122
-0.315506713264686
0.312589288018998
0.817367090272574
0.999689065080238
0.787628187305009
0.264843643407543
-0.362423179254401
-0.846712057804252
-0.996968357287761
-0.753915138425713
-0.213438237257112
0.41124122628819
0.873683756782397
0.991453224130367
0.718088923596453
0.161434580199868
-0.458906595902041
-0.898206587616632
-0.98315912410071
-0.680249960932525
-0.108978434472513
0.505285685743281
0.920211814704334
0.972109304921009
0.640504310126246
0.0562168306039146
-0.550248498802768
-0.939637759092253
-0.958334738381689
-0.598963375169133
-0.00329765529786846
0.593669007785278
0.956429971357625
0.941874033529715
0.555743592096136
-0.0496307630817096
-0.63542550835509
-0.970541384225256
-0.922773328450439
-0.510966102623742
0.102420070262374
0.675400960263646
0.981932444494085
0.90108616094621
0.46475641459926
-0.154922301890541
-0.713483315404172
-0.990571223901114
-0.876873318473659
-0.41724405021222
0.206990298262786
0.749565831874526
0.996433508614393
0.850202667761709
0.368562182952845
-0.258478116802934
-0.783547373165523
-0.999502867102342
-0.821148964586011
-0.318847264338265
0.309241441129833
0.815332691639434
0.999770696189968
0.789793644234361
0.268238641448632
-0.359137985562594
-0.844832695501594
-0.99723624517301
-0.756224593250021
-0.216878166348208
0.408027893938343
0.871964698517715
0.991906617922038
0.720535903091937
0.164909798485205
-0.455774131616945
-0.896652651777475
-0.983796752971012
-0.682827606404503
-0.11247920118366
0.502242869578373
0.918827356853047
0.972929381645428
0.643205396633214
0.0597333333617276
-0.547303859536931
-0.938426659757425
-0.95933496434852
-0.601780331774234
-0.00682003761650088
0.59083079901494
0.955395625157136
0.943051605182712
0.558668523087591
-0.0461123741682858
-0.632701685360587
-0.969686690351681
-0.924124945147051
-0.513990809645531
0.0989155365265258
0.672799157710621
0.981259798588349
0.902608034209221
0.467872419631032
-0.151441446269869
-0.711010825944548
-0.990082511337833
-0.878561182609763
-0.420442619332139
0.203542877326739
0.747229585705277
0.996130099217166
0.852051791818112
0.371834350818718
-0.255073793406568
-0.781353918604221
-0.999385611304302
-0.823154165610579
-0.322183859316308
0.305889757329116
0.813288176770087
0.999839922650048
0.791949301803235
0.27163031132041
-0.355848335868336
-0.842942850941597
-0.997491759854785
-0.758524665221525
-0.220315404524821
0.40480949898476
0.870234821355632
0.992347704637604
0.722973942541842
0.168382970653086
-0.452636012316511
-0.895087590725368
-0.984422175388327
-0.685396779696386
-0.115978572309486
0.499193821837512
0.91743149865617
0.973737386753672
0.645898502572786
0.0632490949785216
-0.544352429601342
-0.937203916898683
-0.960323287371772
-0.60458982179322
-0.0103423353153251
0.58798525951476
0.954349424890396
0.944217475927811
0.561586522402101
-0.0425934131155953
-0.629970012123433
-0.968819965095606
-0.925465095768361
-0.517009139328863
0.0954097754964529
0.67018900740576
0.980574977706876
0.9041187083679
0.470982619538021
-0.14795871164025
-0.708529514621688
-0.989581514331009
-0.880238146002623
-0.423635971812681
0.200092930933514
0.74488406828873
0.995814330341002
0.853890344046278
0.375101905152055
-0.251666305183674
-0.779150769398434
-0.999255955634549
-0.825149153354046
-0.325516456799599
0.302534278202631
0.811233571032106
0.99989674360156
0.794095133265458
0.275018610940312
-0.352554270987514
-0.841042547572741
-0.997734898162807
-0.76081532580239
-0.223749909138991
0.401586081359452
0.868494146759477
0.992776478804252
0.725403011696522
0.17185405361037
-0.449492276937139
-0.893511423878593
-0.985035383592648
-0.687957448931502
-0.119476504432013
0.496138580352133
0.916024257432899
0.974533310220473
0.648583594529918
0.0667640718325029
-0.541394245615661
-0.935969545687359
-0.961299695188959
-0.607391810366998
-0.0138645046916785
0.585132424590387
0.953291383538263
0.945371631299554
0.564497553834982
-0.0390739235855832
-0.627230522536496
-0.967941219210863
-0.926793763686373
-0.520021054224218
0.0919028306703197
0.667570541734153
0.979877990346489
0.905618164678373
0.474086975730841
-0.144474141213472
-0.70603941222277
-0.98906823909676
-0.881904187845434
-0.426824068031929
0.196640501888303
0.742529308727183
0.995486205903783
0.855718301634619
0.378364805410268
-0.248255694412424
-0.776937952883439
-0.9991139017018
-0.827133903063869
-0.328845015439382
0.2991750453839
0.809168899917733
0.999941158339492
0.796231111996499
0.278403498268467
-0.349255831791644
-0.839131808972784
-0.997965657080352
-0.763096546570962
-0.227181637577564
0.398357681056747
0.866742696326885
0.993192935101944
0.727823080417
0.175323004289166
-0.446342964484709
-0.891924170793638
-0.985636369975639
-0.690509582338196
-0.122972954150215
0.493077183029736
0.91460565064339
0.975317142170312
0.651260639189692
0.0702782203113878
-0.538429344283921
-0.934723561438749
-0.962264175685182
-0.61018626273027
-0.0173865020444903
0.582272329638724
0.952221514228244
0.946514056977838
0.567401581267251
-0.035553949245843
-0.624483250590333
-0.967050463600601
-0.928110932415559
-0.523026516960888
0.0883947455602993
0.664943793184566
0.979168845155147
0.907106384536337
0.477185449692008
-0.140987778224773
-0.703540549643403
-0.98854269200358
-0.883559287466573
-0.430006868434008
0.193185633027324
0.740165336237151
0.995145729976688
0.857535641902524
0.381623011109363
-0.244842003409734
-0.77471549651503
-0.998959451268571
-0.829108390114021
-0.332169493936155
0.295812100552153
0.807094189044632
0.999973166312771
0.798357211494077
0.281784931306466
-0.34595305920567
-0.837210658849329
-0.998184033744252
-0.7653682992233
-0.230610547261166
0.395124338133422
0.864980491788742
0.993597068363553
0.730234118676444
0.178789779648934
-0.443188114034503
-0.89032585116413
-0.986225127080601
-0.693053148250721
-0.126467878082362
0.490009667854987
0.913175695889182
0.976088872877898
0.653929603336344
0.0737914968136247
-0.535457762392737
-0.933465979612557
-0.963216716893777
-0.612973144210522
-0.0209082836741422
0.579405010146014
0.951139830234804
0.947644738787874
0.570298568667577
-0.0320335337706647
-0.62172823037153
-0.966147709316749
-0.929416585613327
-0.526025490248999
0.0848855636927126
0.66230879434854
0.978447550931471
0.908583349476518
0.480278002977022
-0.137499665930733
-0.701032957888536
-0.988004879572159
-0.885203424330616
-0.433184333527927
0.189728367216398
0.737792180149457
0.994792906784215
0.859342342301587
0.384876481822749
-0.241425274531398
-0.772483427868037
-0.998792606251214
-0.831072590006192
-0.335489851041896
0.292445485433327
0.805009464154499
0.999992767124261
0.800473405378896
0.285162868099633
-0.342645994209149
-0.83527912103916
-0.998390025445027
-0.767630555572352
-0.234036595645396
0.391886092706745
0.863207555009819
0.993988873574747
0.732636096560064
0.182254336675229
-0.440027764729903
-0.88871648482142
-0.986801647602458
-0.695588115110125
-0.129961232864753
0.486936072887866
0.911734410912246
0.976848492767938
0.656590453854889
0.0773038577484804
-0.532479536812188
-0.932196815812061
-0.964157306995971
-0.615752420229897
-0.024429805884602
0.57653050168888
0.950046344979002
0.948763662700879
0.573188480091231
-0.0285127208398123
-0.618965496062806
-0.965232967560344
-0.930710707079705
-0.529017936878419
0.0813753286081683
0.659665577919466
0.977714116625011
0.910049041173579
0.483364597215444
-0.134009847610538
-0.698516668070938
-0.987454808475366
-0.886836578037836
-0.436356423889715
0.186268747351979
0.735409869909175
0.994427740703969
0.86113838041495
0.388125177183424
-0.238005550170019
-0.770241774637128
-0.998613368719869
-0.833026478369709
-0.338806045558864
0.289075241798681
0.802914751113817
0.999999960530761
0.802579667394156
0.288537266735799
-0.339334677834261
-0.833337219507574
-0.998583629626809
-0.769883287549332
-0.237459740222021
0.388642984955647
0.861423907987592
0.994368345874255
0.735028984265022
0.185716632382026
-0.436861955783336
-0.887096091733502
-0.987365924388109
-0.698114451463492
-0.133452975154057
0.483856436263788
0.910281813595505
0.977595992415402
0.659243157731009
0.0808152595359018
-0.529494704494591
-0.930916085784566
-0.965085934321461
-0.618524056304363
-0.0279510249821467
0.573648839932584
0.94894107202811
0.949870814833667
0.576071279682025
-0.024991554137299
-0.61619508194313
-0.96430624968092
-0.931993280757807
-0.532003819720575
0.0778640838594365
0.657014176693382
0.976968551335752
0.911503441442052
0.486445194109975
-0.13051836656364
-0.6959917114113
-0.986892485538275
-0.888458728324781
-0.439523100161269
0.182806816359058
0.733018435074807
0.994050236266795
0.862923733958397
0.391369056883008
-0.234582872756252
-0.767990564635314
-0.998421740898402
-0.834970030961458
-0.342118036341821
0.285701411464714
0.800810075912592
0.999994746443021
0.804675971406286
0.291908085347348
-0.336019151165932
-0.831384978348953
-0.99876484388748
-0.772126467203624
-0.240879938517949
0.385395055118551
0.859629572852881
0.994735480553727
0.737412752101884
0.189176623810462
-0.433690726474354
-0.885464692005501
-0.987917950436221
-0.700632125965645
-0.136943061626275
0.480770796193725
0.908817921961864
0.978331362545789
0.661887682050953
0.084325658608643
-0.526503302474431
-0.929623805420644
-0.966002587348366
-0.62128801804468
-0.0314718972777235
0.570760060631143
0.94782402509594
0.950966181449397
0.578946931671266
-0.0214700773524368
-0.613417022386043
-0.963367567176845
-0.93326429073419
-0.534983101728333
0.0743518730127212
0.654354623567192
0.97621086431434
0.912946532236285
0.489519755438521
-0.127025266110796
-0.693458119238333
-0.986317917737835
-0.890069855064841
-0.442684323052274
0.179342617191304
0.730617905318223
0.993660398156528
0.864698380780277
0.394608080672872
-0.231157284756506
-0.765729825794762
-0.998217725164459
-0.836903223667074
-0.345425782296832
0.282324036291989
0.798695464664434
0.999977124925734
0.806762291405676
0.295275282111084
-0.33269945534197
-0.829422421785469
-0.998933665978603
-0.774360066702698
-0.24429714809753
0.38214234349434
0.857824571868775
0.995090273057989
0.739787370493911
0.192634268031158
-0.430514116149764
-0.883822305879105
-0.988457718897603
-0.703141107378225
-0.140431448977953
0.477679190962343
0.90734275417474
0.979054594034904
0.664523994003139
0.0878350114109928
-0.523505367867127
-0.92831999075417
-0.966907254703199
-0.624044271157366
-0.0349923790856733
0.567864199627444
0.9466952180421
0.952049748957171
0.581815400379504
-0.0179483341774756
-0.610631351860483
-0.962416931694696
-0.934523721238885
-0.537955745936076
0.0708387396453065
0.651686951539629
0.975441064961823
0.914378295651322
0.492588243053083
-0.123530589592858
-0.690915922987241
-0.985731112203064
-0.891669938267864
-0.445840053340078
0.175876192831195
0.728208310423674
0.993258231210132
0.86646229886144
0.397842208365263
-0.227728828674188
-0.763459586165431
-0.998001324049337
-0.838826032500228
-0.348729242383482
0.278943158185054
0.796570943606506
0.999947096197537
0.808838601506053
0.298638815248313
-0.329375631551054
-0.827449574167783
-0.999090093805539
-0.776584058333469
-0.247711326561313
0.378884890441015
0.856008927430697
0.995432718984909
0.742152809978035
0.196089522142965
-0.427332164223752
-0.882168953731999
-0.988985223075013
-0.70564136457122
-0.143918093927392
0.474581658929116
0.905856328537079
0.979765677909349
0.667152060877202
0.0913432744011278
-0.520500937869923
-0.927004657962303
-0.967799925161423
-0.626792781443868
-0.0385124267260914
0.564961292851494
0.945554664872403
0.953121503912771
0.584676650216412
-0.01442636830888
-0.607838104929642
-0.9614543550296
-0.935771556645352
-0.540921715460735
0.0673247273468298
0.64901119370965
0.974659162829382
0.915798713922383
0.495650618881616
-0.120034380369555
-0.688365154200641
-0.985132076214676
-0.893258958080723
-0.448990251869565
0.172407586287927
0.725789680288506
0.99284374041744
0.868215466316309
0.401071399832342
-0.224297547047408
-0.761179873915162
-0.99777254023806
-0.840738433603927
-0.352028375613681
0.275558819092572
0.79443653909893
0.999904660631016
0.810904875945744
0.301998643026015
-0.326047721033941
-0.825466459973867
-0.999234125427401
-0.778798414501485
-0.251122431548337
0.375622736375619
0.85418266206648
0.995762814085636
0.744509041204928
0.19954234327506
-0.424144910175958
-0.880504656078356
-0.989500456423512
-0.708132866522864
-0.147402953213614
0.471478238526257
0.904358663491892
0.980464605346262
0.669771850065755
0.0948504040498406
-0.517490049760076
-0.925677823365112
-0.968680587647119
-0.629533514802237
-0.0420319965237777
0.562051376321467
0.944402379738112
0.954181433018333
0.587530645680679
-0.0109042234449683
-0.605037316250897
-0.960479849124661
-0.937007781471241
-0.543880973501868
0.0638098797171533
0.646327383276532
0.973865167618566
0.917207769425817
0.498706844927904
-0.116536681820535
-0.685805844526852
-0.984520817205281
-0.894836894787768
-0.452134879555072
0.168936840598664
0.723362044921705
0.992416930921298
0.869957861392241
0.404295615008349
-0.220863482449994
-0.758890717329765
-0.997531376569233
-0.842640403249941
-0.355323141053666
0.272171061005275
0.792292277624043
0.999849818752688
0.812961089087593
0.305354723756929
-0.322715765081231
-0.82347310380907
-0.999365759057107
-0.781003107732419
-0.254530420734894
0.372355921773101
0.852345798435267
0.996080554264473
0.746856034939816
0.202992688586805
-0.420952393552633
-0.878829433567725
-0.99000341255028
-0.710615582319538
-0.150885983598696
0.468368968259637
0.902849777621354
0.981151367673796
0.672383329063607
0.0983563568426651
-0.514472740894969
-0.924339503425119
-0.969549231233583
-0.632266437227016
-0.0455510448094614
0.559134486141762
0.943238376936345
0.955229523122725
0.59037735136174
-0.00738194328718906
-0.60222902057484
-0.959493426070993
-0.93823238037794
-0.54683348334288
0.0602942403665036
0.643635553539985
0.973059089180762
0.918605444678595
0.501756883271445
-0.113037537343024
-0.683238025720661
-0.983897342759036
-0.896403728810857
-0.455273897379442
0.165463998826218
0.720925434443986
0.991977808017287
0.871689462470705
0.407514813888436
-0.217426677490307
-0.756592144811644
-0.997277836035124
-0.844531917839469
-0.358613497823863
0.268779925957192
0.790138185786896
0.999782571242999
0.81500721541888
0.308707015800933
-0.319379805034583
-0.821469530406206
-0.999484993061433
-0.783198110671268
-0.257935251836598
0.369084487166235
0.85049835932805
0.996385935579102
0.749193762062538
0.206440515267836
-0.417754653964496
-0.877143306985636
-0.990494085214955
-0.713089481157278
-0.154367141866506
0.465253886707712
0.90132968964686
0.981825956370862
0.674986465468846
0.101861089279737
-0.511449048712235
-0.922989714747608
-0.970405845143015
-0.63499151480913
-0.0490695279210239
0.556210658504056
0.942062670909311
0.95626576122191
0.593216731938741
-0.00385957153798736
-0.599413252745383
-0.958495098107695
-0.939445338171402
-0.549779208350138
0.0567778529153841
0.6409357378987
0.972240937517436
0.919991722339249
0.504800696069297
-0.10953699035309
-0.680661729642431
-0.983261660611696
-0.897959440709404
-0.45840726639533
0.161989104060302
0.718479879087896
0.991526377153879
0.873410248066756
0.410728956530824
-0.213987174810043
-0.754284184880622
-0.99701192178152
-0.846412953903678
-0.361899405098975
0.265385456023375
0.787974290314512
0.99970291893633
0.817043229552438
0.312055477564265
-0.31603988228447
-0.819455764624343
-0.999591825960967
-0.785383396083827
-0.261336882608025
0.365808473145539
0.848640367667042
0.996678954240466
0.751522193567453
0.209885780539039
-0.414551731087691
-0.875446297252478
-0.990972468329486
-0.71555453234088
-0.157846384824818
0.46213303252064
0.89979841842899
0.982488363067591
0.677581226982904
0.105364557875653
-0.508419010728125
-0.921628474080073
-0.971250418747092
-0.637708713737546
-0.0525874022024502
0.553279929685346
0.940875276244805
0.957290134458701
0.59604875218245
-0.000337151900944774
-0.59659004769897
-0.957484877621583
-0.940646639801781
-0.552718111974956
0.0532607609933538
0.638227969850449
0.971410722779908
0.921366585207366
0.507838245555172
-0.1060350842833
-0.678076988257212
-0.982613778650442
-0.899504011180723
-0.461534947725273
0.158512199415207
0.716025409196334
0.991062643932142
0.875120196829536
0.413938003055434
-0.210545017085035
-0.751966866172402
-0.996733637107733
-0.848283488103743
-0.365180822108913
0.261987693320911
0.785800618055134
0.999610862820956
0.819069106226561
0.315400067500471
-0.3126960382714
-0.817431831449397
-0.999686256430193
-0.787558936856037
-0.264735270843676
0.362527920358563
0.846771846505023
0.996959606612976
0.753841300564863
0.213328441653748
-0.411343664662882
-0.873738425424221
-0.991438555958338
-0.71801070528555
-0.161323669305166
0.459006444420201
0.898255982967084
0.983138579545132
0.680167581411625
0.1088667191616
-0.505382664537622
-0.920255798312281
-0.972082941566661
-0.640418000298456
-0.0561046240061878
0.550342336048823
0.939676207675113
0.958302630123062
0.598873376954406
0.00318527191930825
-0.593759440464684
-0.956462777146832
-0.941836270363779
-0.555650157752333
0.0497430082389392
0.635512282992026
0.970568455268848
0.922730016224522
0.5108694940403
-0.10253186258376
-0.675483833635333
-0.981953704913907
-0.901037421060963
-0.464656902562785
0.155033328031058
0.71356205522328
0.990586614105872
0.876819287543306
0.417141913646867
-0.207100247024282
-0.749640217439251
-0.996442985466594
-0.850143497230898
-0.368457708139937
0.258586680007961
0.783617195979009
0.999506404039069
0.821084820305065
0.318740744112434
-0.309348314483666
-0.815397755993573
-0.999768283297461
-0.789724705994887
-0.26813037437785
0.359242869507902
0.844892819025901
0.997227889214403
0.756151054280307
0.216768455896941
-0.408130494493306
-0.872019712690835
-0.991892342318473
-0.720457969516178
-0.164798952162937
0.455874161199721
0.896702402398804
0.983776597735845
0.682745496664332
0.112367529684302
-0.502340047814372
-0.918871704475343
-0.97290340327231
-0.643119340876054
-0.0596211496920986
0.547397914042856
0.938465480077826
0.95930323565272
0.601690571207912
0.00670765621786198
-0.590921466163268
-0.955428809365213
-0.943014215097369
-0.558575309303685
0.046224638298412
0.632788711018299
0.969714145434794
0.924081998473862
0.513894403915264
-0.0990273687211275
-0.672882297951683
-0.981281447591951
-0.902559651324148
-0.467773092172428
0.151552533071483
0.711089847733106
0.990098293581406
0.878507499126385
0.420340648552204
-0.203652907367861
-0.747304267549203
-0.996139970464404
-0.851992958207091
-0.371730022533889
0.255182458281703
0.781424051176372
0.999389543886748
0.823090346777986
0.322077465950294
-0.30599675245835
-0.813353563494126
-0.999837905545012
-0.791880676628331
-0.271522151085816
0.355953361353231
0.843003308543458
0.99748379871605
0.758451426055233
0.220205780586217
-0.404912260446771
-0.870290180377457
-0.992333821779655
-0.722896294668188
-0.168272190278129
0.452736221722987
0.89513769600009
0.984402409723688
0.685314940756219
0.115866946007245
-0.49929119831002
-0.917476209742572
-0.973711793684107
-0.645812701954167
-0.0631369356284549
0.544446700200155
0.937243108475039
0.960291938632536
0.604500299989007
0.0102299572916613
-0.588076160007242
-0.954382987105812
-0.944180459387054
-0.561493530334829
0.0427056948257016
0.630057287722151
0.968847803877702
0.925422515180675
0.51691293764812
-0.0955216461764872
-0.670272413484132
-0.980597015025649
-0.90407068308302
-0.470883477889894
0.148069857724878
0.708608817399073
0.989597688417645
0.88018481063219
0.423534168083158
-0.200203040889064
-0.744959045485242
-0.99582459586074
-0.853831848084906
-0.374997724689123
0.251775070380438
0.779221210858938
0.999260283813919
0.825085660761509
0.325410191613262
-0.30264139377994
-0.811299279314624
-0.999895122309028
-0.794026822006731
-0.274910558883905
0.35265943670953
0.841103338501906
0.997727331942737
0.760742387348384
0.223640373073874
-0.401689002453705
-0.868549849943252
-0.992762988864172
-0.725325650488388
-0.171743340557456
0.449592664924374
0.893561883185232
0.985016007743819
0.68787588180659
0.119364924711892
-0.496236153852362
-0.916069331428746
-0.974508102771955
-0.648498050114583
-0.066651938194069
0.5414887311377
0.936009108033402
0.961268726795058
0.607302528435815
0.0137521314373194
-0.585223557298992
-0.953325323344392
-0.945334988762589
-0.564404784637954
0.0391862214823076
0.627318046993527
0.967969441346477
0.926751549712336
0.51992505778623
-0.0920147384475252
-0.667654212615142
-0.979900415707005
-0.905570497589851
-0.473988021122689
0.144585345202068
0.706118995004872
0.989084804825715
0.881851201249702
0.426722432615742
-0.196750690392538
-0.742604580345849
-0.995496865568649
-0.855660144048804
-0.378260774062486
0.248364558581534
0.777008702358436
0.999118625424384
0.827070737499302
0.328738879751422
-0.299282280080466
-0.809234928943723
-0.999939932879582
-0.796163115501521
-0.278295555730901
0.3493611364453
0.83919293247536
0.99795848587281
0.763023909734371
0.22707219074478
-0.39846076050625
-0.866798742981586
-0.993179838247083
-0.727746006834401
-0.175212359932189
0.446443529806735
0.891974983505915
0.985617384182947
0.690428288040581
0.122861422396865
-0.493174952347239
-0.914651086989336
-0.975292320655552
-0.651175352038687
-0.0701661137761111
0.538524043556665
0.934763494063691
0.962233588021044
0.610097221779341
0.0172741349534791
-0.582363693432539
-0.952255831204045
-0.946477788899307
-0.567309036091313
0.0356662619365315
0.624571022819362
0.967079068739508
0.928069085579199
0.52293072695712
-0.0885066890466336
-0.665027727830026
-0.979191658279117
-0.907059076235504
-0.477086683352011
0.141099038737575
0.703620411443122
0.98855964916928
0.883506650303082
0.429905402592404
-0.193295898712412
-0.740240901344345
-0.995156783654444
-0.857477823413972
-0.381519130167287
0.244950965200458
0.77478655312684
0.998964570475788
0.829045552361277
0.332063489063664
-0.295919453037245
-0.807160537994572
-0.999972336700684
-0.798289530606649
-0.281677099627038
0.346058501484611
0.83727211416668
0.998177257638213
0.765295964904927
0.230501191018676
-0.395227574659009
-0.865036881218859
-0.993584364756438
-0.730157333675359
-0.17867920536049
0.443288855443351
0.890377016651689
0.986206531579652
0.692972127788898
0.126356395678936
-0.490107631776494
-0.913221494021383
-0.976064437604921
-0.653844574508214
-0.0736794187720127
0.535552674241399
0.933506282020771
0.963186510338855
0.612884345345164
0.0207959241406731
-0.579496603891998
-0.95117452395449
-0.947608845617846
-0.570206248661171
0.032145859861344
0.621816249283701
0.966176697104089
0.929375106433772
0.525929907867771
-0.0849975414990112
-0.662392991717222
-0.978470751535982
-0.908536400550447
-0.480179426130822
0.137610981587277
0.701113097714825
0.988022227964277
0.885151137252353
0.433083038520049
-0.189838708714442
-0.737868037807452
-0.994804354337712
-0.859284863627331
-0.384772752575491
0.241534332591792
0.772554790734882
0.998798120879529
0.831010080844803
0.335383978299915
-0.292552954374969
-0.805076132205298
-0.999992333370292
-0.80040604093836
-0.285055148616046
0.342751572804888
0.835340907408655
0.998383644524566
0.767558524670123
0.233927331349816
-0.391989485027717
-0.863264286515585
-0.993976563373022
-0.732559601093357
-0.182143833827268
0.440128680976238
0.88876800244932
0.986783442624013
0.69550736948952
0.129849801195144
-0.487034230198088
-0.911780570262554
-0.976824444039923
-0.656505684404628
-0.0771918095913677
0.532574660059532
0.932237487503658
0.964127481925115
0.615663864551701
0.0243174553027752
-0.576622324250027
-0.950081415012182
-0.948728144884553
-0.573096386400003
0.0286250589365696
0.619053760566026
0.96526233763651
0.930669596071442
0.52892256330586
-0.0814873393448405
-0.659750036966524
-0.977737704422059
-0.910002452204694
-0.483266211085934
0.134121217029449
0.698597084929301
0.987472547878617
0.886784641693341
0.43625530097197
-0.186379163293693
-0.735486019176767
-0.994439581991173
-0.861081242268506
-0.388021600917376
0.238114703146947
0.770313442873429
0.998619278700847
0.832964298575256
0.338700306260795
-0.289182825863888
-0.802981737438155
-0.999999922640292
-0.802512620236609
-0.288429660785017
0.339440391437046
0.833399336162723
0.99857764397111
0.769811560956969
0.237350569229268
-0.388746531789374
-0.86148098086534
-0.994356429230632
-0.734952779281964
-0.185606202345611
0.436963045614426
0.887147960862854
0.987348110158008
0.698033981686119
0.133341595600628
-0.483954785744838
-0.910328333591292
-0.977572330530686
-0.65915864871005
-0.080703242653752
0.529590037959993
0.930957126254749
0.965056491104603
0.618435744912082
0.0278386847461788
-0.573740890169607
-0.948976517939583
-0.949835672811803
-0.575979413448254
0.0251039028465272
0.616283590942077
0.964336001681446
0.931952538431171
0.531908656139647
-0.0779761261369362
-0.657098896370718
-0.976992526032721
-0.911457213008404
-0.48634699991768
0.130629788363779
0.696072404304127
0.986910615732522
0.888407143358772
0.439422150588747
-0.182917305374904
-0.733094875007175
-0.994062471140759
-0.862866937048705
-0.391265634883712
0.234692119295399
0.768062537352137
0.998428046158726
0.834908181305563
0.342012431799837
-0.285809109317985
-0.800877379679608
-0.999995104416521
-0.80460924236375
-0.291800594264492
0.336124998464335
0.83144742451917
0.998759253570774
0.772055045810928
0.240770862182783
-0.385498755180068
-0.85968698639425
-0.99472395761604
-0.737336838547835
-0.189066267955753
0.433791988635928
0.885516911992528
0.987900527175493
0.700551933029444
0.136831735570968
-0.480869336625135
-0.90886480202584
-0.978308087798005
-0.661803434508013
-0.0842136743910782
0.526598844974849
0.929665214160201
0.965973526350883
0.62119995203386
0.0313595687807936
-0.570852337402115
-0.947859846445837
-0.950931415658019
-0.578855294035154
0.0215824352801699
0.613505774782722
0.963397700732521
0.93322391759477
0.534888149319972
-0.0744639454411112
-0.654439602823989
-0.976235225613763
-0.912900664911454
-0.489421754402184
0.127136738909248
0.693539087164591
0.986336438498124
0.890018622117252
0.442583548077303
-0.179453177909943
-0.730694634967094
-0.993673026465549
-0.864641925812042
-0.394504814223744
0.231266623502617
0.765802102098814
0.99822442562591
0.836841704916885
0.345320313821647
-0.282431846597063
-0.798763085039058
-0.999977878758762
-0.806695881305687
-0.295167907229414
0.332805435022049
0.829485196695827
0.998928471070276
0.774288951395831
0.244188167773094
-0.382246195497198
-0.857882325361404
-0.995079143969232
-0.739711749310613
-0.192523987727172
0.430615549385617
0.883874876075889
0.988440686822428
0.703061192278676
0.140320177802044
-0.47777792112167
-0.907389993725146
-0.979031706712927
-0.66444000898352
-0.08772306124723
0.523601118217503
0.928361767249406
0.966878576285725
0.623956451621041
0.0348800637221784
-0.567956701787628
-0.946731414385967
-0.952015359827706
-0.581723992477858
0.0180606999296332
0.610720346554058
0.962447446431823
0.934483717787447
0.537861005878402
-0.0709508408338221
-0.651772189321165
-0.975465812561487
-0.914332790004406
-0.49249043638865
0.123642112006298
0.690997164942159
0.985750023299676
0.891619057974161
0.445739454213021
-0.175986823880845
-0.72828532883687
-0.993271252797424
-0.866406186534899
-0.397739098747372
0.227838258270201
0.763532165159945
0.998008419628766
0.83876484541904
0.348623911282843
-0.279051079604493
-0.796638879749603
-0.99994824588074
-0.808772511172997
-0.298531557900299
0.329481742298295
0.827512677039276
0.999085294370047
0.776513249994792
0.247602443599559
-0.378988893096461
-0.856067020158127
-0.995421983883189
-0.742077482103913
-0.195979318758451
0.427433767275557
0.882221873486277
0.98896858239675
0.70556172829987
0.143806879011478
-0.474680577591567
-0.905903926988078
-0.979743178296967
-0.667068339423116
-0.0912313596804148
0.520596894881849
0.927046801695046
0.967771629679725
0.626705209471658
0.0384001258893565
-0.565054019252983
-0.945591235761282
-0.953087491871693
-0.584585473183375
0.0145387404910573
0.607927340815553
0.961485250569383
0.935731923378158
0.540827188928853
-0.0674368559043491
-0.649096688958335
-0.974684296422182
-0.915753570517902
-0.495553007802226
0.120145951014495
0.688446669176043
0.985151377412933
0.893208431072514
0.448889829838404
-0.172518286296606
-0.725866986510266
-0.992857155121463
-0.868159697327789
-0.400968448324811
0.224407066135796
0.761252754699759
0.997780030847415
0.840677578951043
0.351923183195123
-0.27566685028756
-0.794504790167444
-0.999906206150126
-0.810839106199637
-0.301891504542019
0.326153961531989
0.825529890023802
0.999229721524292
0.778727914009696
0.251013647300451
-0.37572688839303
-0.854241093308044
-0.995752473104083
-0.744434007574459
-0.199432218177365
0.424246681782871
0.880557924733417
0.98948420734853
0.708053510067636
0.147291795937819
-0.471577344464299
-0.904406620252617
-0.980442493722777
-0.669688393215467
-0.094738526160985
0.517586212242964
0.925720333812209
0.968652675452216
0.629446191480337
0.0419197116071748
-0.562144325813571
-0.944439324718175
-0.954147798487786
-0.587439700647347
0.0110166006635901
0.605126792221769
0.960511125083763
0.936968518880122
0.543786661669189
-0.0639220342528957
-0.646413134931758
-0.973890686892605
-0.91716298882398
-0.498609430644865
0.11664829931289
0.685887631511506
0.984540508265664
0.894786721691964
0.452034635865995
-0.16904760819219
-0.723439637993165
-0.992430738575581
-0.869902436433809
-0.404192822888758
0.220973089672344
0.758963899000327
0.997539262115619
0.842579881780415
0.355218088622362
-0.272279200635198
-0.792360842771288
-0.999851760088535
-0.812895640744337
-0.305247705466921
0.322822134011695
0.823536860250311
0.999361750741033
0.780932915961825
0.254421736550836
-0.372460221860211
-0.852404567465862
-0.996070607531457
-0.746781296484284
-0.202882643142082
0.421054332451716
0.878883050462745
0.989987555280288
0.710536506664887
0.150774885341528
-0.468468260243614
-0.902898092096781
-0.981129644313512
-0.672300137852947
-0.0982445171733385
0.514569107655878
0.924382380059207
0.969521702671854
0.632179363639066
0.045438777205938
-0.559227657571776
-0.943275695549122
-0.955196266520096
-0.590286639456696
0.00749432414725349
0.602318735520863
0.959525082061418
0.938193488950124
0.546739387379387
-0.0604064194886853
-0.643721560537962
-0.973084993819567
-0.918561027435106
-0.50165966699362
0.113149200297674
0.683320083700128
0.983917423437308
0.89635391024988
0.455173833276224
-0.165574832630467
-0.721003313402254
-0.991992008450539
-0.871634382229709
-0.407412182432384
0.217536371486003
0.756665626460021
0.997286116420654
0.844471730304343
0.358508586683038
-0.268888172680088
-0.790207064162149
-0.999784908371492
-0.814942089290395
-0.308600119032526
0.319486301077474
0.821533612447566
0.999481380382116
0.7831282284932
0.257826669064426
-0.369188934029152
-0.8505574654185
-0.996376383218016
-0.749119319709107
-0.206330550841029
0.417856758891562
0.877197271455256
0.990478619946669
0.713010687284497
0.154256104007092
-0.465353363505861
-0.901378361237625
-0.981804621543355
-0.674903540930009
-0.101749289217815
0.51154561855569
0.923032957036871
0.970378700556075
0.634904692035671
0.0489572790237668
-0.556304050715389
-0.942100362691999
-0.956232882959762
-0.593126254287676
0.00397195464512951
0.599503205553056
0.958527133736803
0.9394068183892
0.549685329423516
-0.0568900552321433
-0.641021999171949
-0.972267227199491
-0.919947669005125
-0.504703679002699
0.109648697384351
0.68074405759808
0.983282130658625
0.897909977301176
0.458307383119514
-0.16210000269988
-0.718558042966531
-0.991540970189879
-0.873355513226829
-0.410626487011088
0.214096954218279
0.754357965594942
0.997020596903454
0.846353101049726
0.361794636549889
-0.265493808496831
-0.788043481063026
-0.999705651828466
-0.816978426447039
-0.31194870364378
0.316146504119087
0.819520171470852
0.999588608963238
0.785313824365205
0.261228402595418
-0.365913065488762
-0.848699810084107
-0.996669796369849
-0.751448048239917
-0.209775898495198
0.414654000775462
0.875500608627462
0.990957395254793
0.71547602122776
0.157735408740857
-0.462232692898301
-0.899847446531398
-0.982467417037443
-0.677498570144942
-0.105252798808523
0.508515782455546
0.921672081487809
0.971223658471572
0.637622142855656
0.052475173404414
-0.553373541519424
-0.940913340729438
-0.957257634944839
-0.595958509907781
0.000449535860999207
0.596680237252386
0.957517292491698
0.940608492143283
0.552624451249437
-0.0533729851125409
-0.638314484328858
-0.971437397178916
-0.921322896329287
-0.507741428903149
0.106146834005846
0.678159585167724
0.982634637812086
0.899454903539361
0.461435246516362
-0.158623161514812
-0.716103857025676
-0.991077629389916
-0.875065808070019
-0.413835696744234
0.210654880543724
0.752040945037678
0.996742706858451
0.848223970673467
0.365076197452119
-0.262096150200106
-0.785870120318844
-0.999613991442833
-0.81900462694816
-0.315293417753136
0.312802784574185
0.817496562302191
0.999683435153949
0.787489676460072
0.264626894936381
-0.362632656883517
-0.846831624511053
-0.9969508433464
-0.753767453183028
-0.213218643356013
0.411446097842031
0.873793083030261
0.991423875264196
0.717932477905744
0.16121275637337
-0.459106287141038
-0.898305366972523
-0.983118022572318
-0.680085193299603
-0.108755002475683
0.50547963694851
0.920299770297253
0.972056565934754
0.640331682381912
0.0559924166991696
-0.550436166344158
-0.93971464438956
-0.958270509760987
-0.598783371175815
-0.00307288850029018
0.593849865644815
0.956495570855832
0.941798495302456
0.555556716390771
-0.0498552527679068
-0.635599049602517
-0.970595514053954
-0.922686692344291
-0.510772879004888
0.102643653610604
0.675566698475889
0.981974952931456
0.90098866979557
0.464557384657821
-0.155144352213255
-0.713640786030307
-0.990601991799428
-0.876765245538807
-0.417039771813153
0.207210193169848
0.749714593536053
0.996452449733603
0.850084315962762
0.368353228673351
-0.258695239946778
-0.783687008895005
-0.999509928351881
-0.821020665653429
-0.318634219861074
0.309455183930381
0.815462810048979
0.999765857777719
0.789655757780649
0.26802210392054
-0.359347748915493
-0.84495293187908
-0.997219520660652
-0.756077505760138
-0.216658742707189
0.40823308989331
0.872074715849986
0.991878054187151
0.720380026840607
0.164688103759009
-0.455974185024937
-0.89675214169454
-0.983756430075507
-0.682663378301145
-0.112255856765271
0.502437219705935
0.918916040492145
0.972877412611216
0.643033276996544
0.0595089652687642
-0.547491961635059
-0.938504288545183
-0.959271494840834
-0.601600803041962
-0.00659527473518644
0.591012125848532
0.955461981506209
0.94297681310176
0.558482088465073
-0.0463369018444867
-0.632875728683967
-0.969741588270376
-0.924039040129199
-0.513797991694821
0.0991391996647718
0.672965429693801
0.981303084201858
0.902511257039409
0.467673758805977
-0.151663617958965
-0.711168860540327
-0.990114063319947
-0.878453804547212
-0.4202386724633
0.203762934836592
0.747378939954559
0.996149829130197
0.851934113835146
0.371625689553418
-0.255291119933623
-0.781494173878732
-0.999393463846747
-0.823026517549375
-0.321971068516176
0.306103743723014
0.813418939945249
0.999835875811876
0.791812041451851
0.271413987421418
-0.356058382342592
-0.843063755498056
-0.997475824978955
-0.758378177309877
-0.220096153866601
0.405015016795092
0.870345528407269
0.992319926388376
0.722818637664084
0.168161407778317
-0.452836425411942
-0.895187789969084
-0.984382631625973
-0.685233093160418
-0.11575531824136
0.499388568475811
0.917520909241287
0.973686188316307
0.645726893179179
0.0630247754811857
-0.54454096392233
-0.937282288213949
-0.960260577764536
-0.604410770549679
-0.0101175791392462
0.588167053072046
0.954416537267085
0.944143430921074
0.561400531175806
-0.0428179759962011
-0.630144555363148
-0.968875630423042
-0.925379922904585
-0.51681672943849
0.0956335156498417
0.67035581109669
0.980619039959328
0.904022646379779
0.470784330294034
-0.148181001939135
-0.708688111226457
-0.989613850005442
-0.880131464144884
-0.423432359003921
0.200313148316241
0.745034013272805
0.995834848803036
0.853773341339741
0.374893539490122
-0.251883832397684
-0.779291642477614
-0.999264599372476
-0.82502215774814
-0.325303922317373
0.302748505535492
0.811364977350572
0.999893488387671
0.793958500719322
0.274802503355116
-0.352764597976763
-0.841164118808174
-0.997719753121216
-0.760669439286377
-0.223530834184143
0.401791918474772
0.868605542157219
0.992749486385286
0.725248280119122
0.171632625335844
-0.449693047232981
-0.89361233120584
-0.984996619454045
-0.687794305993697
-0.119253343483948
0.496333721084655
0.916114393854403
0.974482883015146
0.648412497508443
0.0665398037140376
-0.54158320982046
-0.936048658557505
-0.961237746260308
-0.607213238833946
-0.013639758009496
0.585314682615948
0.953359251109804
0.945298334285895
0.56431200831203
-0.0392985188845583
-0.627405563527078
-0.967997651256427
-0.926709324033453
-0.519829054781702
0.0921266450630229
0.667737875063384
0.979922828691226
0.905522819063927
0.473889060528395
-0.144696547364754
-0.706198568868902
-0.989101358062306
-0.881798203516052
-0.42662079181019
0.196860876411112
0.742679842585761
0.995507512660234
0.855601975656102
0.37815673793721
-0.248473419613981
-0.777079442019834
-0.999123336527972
-0.82700756148883
-0.328632739911868
0.299389510997049
0.809300947748949
0.999938694790273
0.796095108950877
0.278187609678201
-0.349466436686044
-0.839254045378675
-0.997951302060896
-0.762951263260523
-0.226962741044038
0.398563834923341
0.866854778688258
0.993166728848232
0.727668924059945
0.175101713362477
-0.446544089489905
-0.892025784952305
-0.985598385941831
-0.69034698502242
-0.122749889091305
0.493272715435469
0.914696511783004
0.975267486822748
0.651090056663408
0.0700540063541717
-0.538618736028151
-0.934803414882261
-0.962202988203807
-0.61000817312315
-0.0171617676440656
0.582455049871378
0.952290136152637
0.946441508866613
0.56721648375036
-0.0357785741762952
-0.624658787160139
-0.967107661664171
-0.928027227021265
-0.522834930348655
0.0886186314148881
0.665111654076252
0.979214459035882
0.907011756478468
0.476987910986734
-0.141210297468274
-0.703700264356005
-0.988576593849351
-0.883454001980443
-0.429803931321234
0.193406161955697
0.740316457102179
0.995167824763259
0.857419994095224
0.381415244406565
-0.245059923897633
-0.774857599952686
-0.998969677065916
-0.828982704137558
-0.331957479996946
0.296026801784827
0.807226876750081
0.999971494458794
0.798221839636289
0.281569264389984
-0.346163939392354
-0.837333558909029
-0.998170468925026
-0.765223620921184
-0.230391831864477
0.395330806193227
0.865093259723197
0.993571648600222
0.730080539452427
0.178568628815076
-0.4433895912538
-0.89042817089375
-0.986187923622836
-0.692891098574894
-0.12624491168006
0.490205589508062
0.913267280619639
0.976039990004146
0.653759537421925
0.0735673398000449
-0.53564757932633
-0.933546572638736
-0.963156291618799
-0.61279553873916
-0.0206835643445482
0.579588190318477
0.951209205660763
0.947572940479152
0.570113921453157
-0.0322581855455615
-0.621904260342236
-0.966205672688584
-0.92933361551598
-0.525834318843965
0.085109518231551
0.662477180719437
0.978493939782206
0.90848944014923
0.480080843219682
-0.137722295505772
-0.701193228685785
-0.988039563877449
-0.885098838994174
-0.432981738041854
0.189949047814346
0.737943886146057
0.994815789326698
0.859227374100522
0.384669018467864
-0.241643387601571
-0.77262614384395
-0.998803622892856
-0.8309475611875
-0.335278101321768
0.292660419622056
0.805142790087993
0.999991886986265
0.800338666388706
0.284947425532604
-0.342857147071836
-0.835402683227914
-0.998377250994351
-0.767486484073801
-0.233818064099919
0.392092872398219
0.863321007118303
0.993964240617216
0.732483096374462
0.182033328678801
-0.44022959166327
-0.88881950885215
-0.986765225182302
-0.695426615084712
-0.129738367885738
0.487132381356991
0.911826718097118
0.976800382974413
0.656420906662426
0.0770797604595371
-0.532669776579991
-0.932278147420868
-0.964097644677057
-0.615575301097394
-0.0242051044138152
0.576714139528159
0.950116473045543
0.948692615085571
0.573004285470104
-0.0287373966715606
-0.619142017250499
-0.965291695521203
-0.930628473308926
-0.528827183052348
0.0815993490527681
0.659834487680493
0.977761279870128
0.909955851742241
0.483167818852496
-0.134232584755065
-0.698677492964274
-0.987490274809863
-0.886732694148723
-0.436154172544251
0.186489576881632
0.735562159155364
0.994451410718473
0.861024093246703
0.387918019750764
-0.23822385311645
-0.770385101380694
-0.998625176069107
-0.832902108260208
-0.338594562685315
0.289290406276236
0.803048713620979
0.999999872119668
0.802445562943337
0.288322051191542
-0.339546100752645
-0.833461442292158
-0.998571645703194
-0.769739824641911
-0.237241395238962
0.388850073712962
0.861538042862334
0.994344500028084
0.73487656501603
0.18549576996496
-0.437064129926401
-0.887199818787178
-0.987330283457509
-0.697953503092142
-0.1332302143633
0.484053129113464
0.910374842089396
0.977548656299174
0.659074131363644
0.0805912247518543
-0.529685364736205
-0.930998154966797
-0.965027035698991
-0.618347425708682
-0.0277263441579222
0.573832933160193
0.94901195186519
0.949800518793366
0.575887539939772
-0.0252162512389165
-0.616372092157804
-0.964365741502196
-0.931911784333992
-0.531813485840631
0.0780881674300386
0.657183607748963
0.977016488390121
0.911410973062816
0.486248799583144
-0.130741208513819
-0.696153088405451
-0.986928733461969
-0.888355547172041
-0.43932119546605
0.183027792080029
0.733171305680749
0.994074693459608
0.862810129240983
0.391162207942878
-0.234801362870126
-0.768134500368064
-0.998434338808773
-0.834846321104396
-0.341906822938609
0.285916803561224
0.800944673331281
0.999995449759928
0.804542503158603
0.291693099496149
-0.336230841516999
-0.831509860187949
-0.998753650639605
-0.771983614666912
-0.240661782806202
0.385602450372465
0.859744389077637
0.994712422114857
0.737260915680799
0.188955909712884
-0.433893245318642
-0.885569120795128
-0.987883091437427
-0.700471731245487
-0.136720407787229
0.480967870983687
0.908911670610617
0.978284800694132
0.661719178606392
0.0841016891094283
-0.526694380824434
-0.929706611158024
-0.965944453153063
-0.621111878177544
-0.0312472398880147
0.570944606963505
0.947895655824189
0.950896637856229
0.578763649087823
-0.0216947929353134
-0.613594519431265
-0.963427822120333
-0.933183532668505
-0.53479319015589
0.0745760169287832
0.654524573814939
0.97625957458328
0.912854786056544
0.489323747184373
-0.127248210101717
-0.693620046330851
-0.986354946800943
-0.889967377928381
-0.442482767512431
0.17956373636206
0.730771355387022
0.993685642224222
0.864585459922902
0.39440154279154
-0.231375959327573
-0.765874368730667
-0.998231113479616
-0.836780175597254
-0.345214840984373
0.282539653334979
0.798830695324769
0.999978619961913
0.806629461017272
0.295060528619727
-0.332911410499386
-0.829547961129531
-0.998923263545358
-0.774217826309573
-0.244079184364082
0.382350042672016
0.857940068018963
0.995068002312493
0.739636118784641
0.192413704991801
-0.430716977183139
-0.88392743510909
-0.988423642263093
-0.702981268299517
-0.140208904853869
0.477876645247187
0.907437221815266
0.97900880702558
0.664356015571919
0.0876111099757378
-0.523696861954522
-0.92840353201954
-0.966849885656422
-0.623868624204049
-0.0347677479181429
0.568049196774243
0.946767598772689
0.951980958673928
0.581632577228947
-0.0181730654536813
-0.610809333533959
-0.962477949012965
-0.93444370253309
-0.537766259027076
0.0710629411259906
0.651857418870715
0.975490547840815
0.914287272809324
0.492392623503391
-0.12375363285812
-0.691078398169509
-0.985768921946111
-0.891568166419377
-0.445638849456206
0.176097452708426
0.728362338051553
0.993284261839465
0.866350063265513
0.397635984105556
-0.227947684988581
-0.763604734511075
-0.998015502603179
-0.838703647744492
-0.348518575779243
0.27915899749991
0.796706805830889
0.99994938293444
0.808706410625152
0.298424296781785
-0.329587848884774
-0.82757576945941
-0.999080482315981
-0.776442431848632
-0.247493557510768
0.379092890965008
0.85612510207365
0.995411236209089
0.742002144857236
0.195869112898687
-0.427535364928601
-0.882274782097847
-0.988951929227557
-0.705482083117164
-0.143695662279261
0.474779490258729
0.905951513997175
0.979720666310321
0.666984609543343
0.0911194438076619
-0.520692845318554
-0.927088933718957
-0.967743321974805
-0.626617629583533
-0.038287824567622
0.565146738517564
0.945627794707196
0.953053467793039
0.584494288766933
-0.0146511124902901
-0.608016569023065
-0.961516133965395
-0.935692278292523
-0.540732655566621
0.0675489836101304
0.649182176009001
0.974709417704517
0.915708415547584
0.495455390463924
-0.120257520142425
-0.688528175456255
-0.985170666168574
-0.893157892783045
-0.448789402138304
0.172628984126128
0.725944283564525
0.992870557285463
0.868103917374277
0.400865491753194
-0.224516582389889
-0.761325625870058
-0.997787508854681
-0.840616713680639
-0.35181798633172
0.275774878000614
0.794573031201239
0.999907739040273
0.810773326212504
0.301784362245953
-0.326260197910663
-0.825593309647037
-0.999225305000765
-0.778657403682024
-0.250904859882443
0.375831035664952
0.85429951376041
0.995742119546062
0.744358964541824
0.199322090560586
-0.424348448031275
-0.880611182266893
-0.98946794577624
-0.707974144669261
-0.147180636801031
0.471676444446246
0.904454565590449
0.98042036971615
0.669604927907079
0.0946266470755671
-0.517682368188852
-0.925762832567313
-0.968624751023135
-0.629358860208434
-0.0418074261606651
0.562237268205704
0.944476257769822
0.95411415190627
0.587348748195111
-0.0111289777428431
-0.605216260550157
-0.960542388911458
-0.936929244454943
-0.543692342968591
0.064034187980612
0.646498878423205
0.973916193866357
0.917118196638502
0.49851201006431
-0.116759915331733
-0.685969409833293
-0.984560186891266
-0.894736537294865
-0.451934386468259
0.169158373650618
0.723517221927312
0.992444533695308
0.869847000488037
0.404090025664355
-0.221082694102883
-0.759037071085055
-0.997547135062896
-0.842519349669095
-0.355113031704385
0.272387336825972
0.792429397910891
0.999853688796097
0.812830182133818
0.305140683321804
-0.322928498864865
-0.823600606290023
-0.999357729802862
-0.780862714328069
-0.254313049152952
0.372564517243301
0.852463325730454
0.996060648217933
0.746706548596787
0.202772595134252
-0.421156266032816
-0.878936656257335
-0.989971685506598
-0.71045742203621
-0.150663785180275
0.468567546311166
0.902946395168465
0.981107908561407
0.6722169381512
0.0981326762638472
-0.514665467918283
-0.924425245018375
-0.96949416186497
-0.632092282066592
-0.0453265090287429
0.559320821937902
0.943313002248406
0.955162997853188
0.59019592009679
-0.00760670491266343
-0.602408442859324
-0.959556725932892
-0.938154585672542
-0.54664528451068
0.0605185978472436
0.643807559405635
0.973110886168051
0.918516598590048
0.501562444379558
-0.113260861823005
-0.683402133048492
-0.983937491688549
-0.89630408036761
-0.455073763424291
0.165685664343479
0.72108118325398
0.992006196354777
0.871579290979946
0.407309545830237
-0.217646062733959
-0.756739098551592
-0.997294384210288
-0.844411532103406
-0.358403671013556
0.268996416007322
0.790275932556964
0.999787232872546
0.814876952869196
0.308493218366667
-0.31959279308585
-0.821597684112827
-0.999477755079192
-0.783058336424099
-0.257718083036083
0.369293376229789
0.850616560766514
0.996366818272559
0.749044867894181
0.206220583808457
-0.417958858540205
-0.877251224846064
-0.990463142168421
-0.712931884406438
-0.154145064199398
0.465452834426323
0.90142702144384
0.981783274315372
0.674820607867202
0.101637487871011
-0.511642181938245
-0.923076187667908
-0.970351543713099
-0.634817861242741
-0.0488450295083987
0.556397435899948
0.942138042575736
0.956199992620109
0.593035769145334
-0.00408433770233263
-0.59959315078891
-0.958559157259304
-0.93936828674222
-0.549591443553902
0.0570022568301452
0.641108252349164
0.972293504601553
0.919903604051918
0.504606655561027
-0.109760403031184
-0.680826376955325
-0.983302588286588
-0.897860502552404
-0.458207494055406
0.162210899292782
0.718636197769982
0.99155555070259
0.873300767356395
0.41052401230549
-0.214206730922215
-0.754431736782049
-0.997029259432862
-0.846293237506081
-0.361689863431493
0.26560215761662
0.788112661858846
0.999708372094181
0.816913613023074
0.311841925783549
-0.316253121960508
-0.819584567966693
-0.999585379340529
-0.785244242727947
-0.261119919283456
0.366017653210234
0.848759241781841
0.996660625911137
0.751373893421024
0.209666013801856
-0.414756265225673
-0.875554908944626
-0.990942309664091
-0.715397501078067
-0.157624430664449
0.46233234743789
0.899896463268196
0.982446458598621
0.677415904749734
0.105141038412032
-0.508612547760529
-0.921715677254506
-0.971196885929563
-0.637535563919972
-0.0523629439431541
0.55346714636374
0.940951393330267
0.957225123340795
0.595868260106064
-0.000561919816058053
-0.596770419270001
-0.957549695268023
-0.94057033260483
-0.552530783544564
0.0534852085573917
0.63840099074578
0.971464059308519
0.921279195814666
0.507644605838469
-0.106258582387288
-0.678242173512808
-0.982655484563027
-0.899405784537743
-0.461335539479452
0.158734121610757
0.716182295810832
0.991092602330193
0.875011408258174
0.413733385206224
-0.210764741341586
-0.75211501440441
-0.99675176402019
-0.848164442529629
-0.364971568184354
0.262204603768547
0.785939612656751
0.999617107439447
0.818940137325603
0.31518676402338
-0.312909526926222
-0.817561282829613
-0.999680601251552
-0.787420406117709
-0.264518515686807
0.362737388828576
0.846891391821347
0.99694206748825
0.753693596280545
0.213108842364848
-0.411548525824552
-0.873847729600268
-0.991409182048274
-0.71785424145897
-0.161101841404759
0.459206124063695
0.898354739631925
0.983097453182611
0.680002796598331
0.108643284416174
-0.505576602975699
-0.920343730658695
-0.972030178025781
-0.640245356378054
-0.0558802086854126
0.550529989687209
0.939753069235498
0.958238377295806
0.598693357834496
0.00296050504268842
-0.593940283324896
-0.956528352484076
-0.941760708345994
-0.555463268012441
0.0499674966671948
0.635685808185118
0.970622560580396
0.922643356810472
0.510676257518139
-0.102755443340591
-0.675649554783763
-0.981996188546637
-0.900939907150352
-0.464457860885224
0.155255374435955
0.713719507823619
0.990617356981495
0.876711192460297
0.416937624712161
-0.207320136698538
-0.749788960163692
-0.996461901415222
-0.850025123957568
-0.368248744553984
0.258803796618233
0.783756811913052
0.999513440040719
0.820956500632692
0.318527691584666
-0.309562049469062
-0.815527853804963
-0.999763419630783
-0.789586799593213
-0.267913830078068
0.359452623785101
0.845013034060371
0.997211139511913
0.75600394769074
0.216549026781447
-0.408335680137265
-0.872129707995031
-0.991863753528255
-0.720302075067155
-0.164577253275269
0.456074203091532
0.896801869664157
0.983736249990131
0.682581251315813
0.112144182429336
-0.50253438525144
-0.918960364903074
-0.972851409662581
-0.642947204995249
-0.0593967800942762
0.547586002312353
0.938543085159319
0.959239741913071
0.601511027278245
0.00648289316898418
-0.591102778068854
-0.955495141579504
-0.942939399195979
-0.558388860572369
0.0464491648055462
0.63296273835614
0.969769018857859
0.923996070113866
0.513701572984444
-0.0992510293562725
-0.673048552936428
-0.981324708417711
-0.902462851356008
-0.467574419532131
0.151774700931362
0.711247864365374
0.99012982055316
0.878400098873138
0.420136691066716
-0.203872959732433
-0.747453602920402
-0.996159675214463
-0.85187525870326
-0.371521351879678
0.255399778361177
0.781564286711123
0.999397371184251
0.822962677926326
0.321864667015728
-0.306210731121972
-0.813484306122763
-0.999833833450651
-0.791743396274661
-0.271305820329894
0.356163398834667
0.843124191804872
0.997467838643584
0.758304918985938
0.219986524367136
-0.405117768027179
-0.870400865444817
-0.992306018463883
-0.722740971531138
-0.168050623154376
0.452936623381097
0.895237872631716
0.984362841095231
0.685151236909684
0.115643689014145
-0.499485932334443
-0.917565597151389
-0.973660570650749
-0.645641076248039
-0.0629126145379038
0.544635220767058
0.937321456114756
0.960229204768422
0.60432123347673
0.0100052008583624
-0.588257938708208
-0.954450075373996
-0.94410639053049
-0.561307524925829
0.0429302566265844
0.63023181504532
0.968903444731331
0.925337318940888
0.516720514701579
-0.09574538391533
-0.670439200243055
-0.980641052507635
-0.903974598258591
-0.470685176752295
0.148292144282518
0.708767396102999
0.989629999094293
0.880078106541381
0.42333054457749
-0.200423253213208
-0.745108971650774
-0.995845089167782
-0.853714823811167
-0.374789349556157
0.251992591232717
0.779362064254142
0.999268902310182
0.824958644314612
0.32519764891263
-0.302855613466848
-0.811430665138322
-0.999891841837493
-0.793890169403815
-0.274694444356184
0.352869754788738
0.841224888490161
0.997712161698337
0.760596481616553
0.223421292471184
-0.401894829420519
-0.86866122340045
-0.992735971367874
-0.725170900590012
-0.171521907945814
0.449793423861894
0.893662767940087
0.984977218723649
0.687712721493525
0.119141760750041
-0.496431282048373
-0.916159444709392
-0.974457650950516
-0.648326936712925
-0.0664276683931443
0.541677681663513
0.936088197259166
0.961206753584974
0.607123941563058
0.0135273844087184
-0.585405800540287
-0.953393166834208
-0.945261667869935
-0.564219224859132
0.0394108157902354
0.62749307213693
0.968025848940416
0.92666708665
0.519733045211652
-0.0922385505144938
-0.667821529078501
-0.979945229298958
-0.905475129101109
-0.473790093948607
0.144807747699674
0.706278133812891
0.989117898806493
0.881745194644939
0.426519145616351
-0.196971059943526
-0.742755095445205
-0.995518147178403
-0.855543796456661
-0.378052697035756
0.248582277507508
0.777150171866454
0.999128035012456
0.826944375033123
0.328526595920987
-0.299496738132297
-0.809366956332177
-0.999937444071583
-0.796027092345153
-0.278079660112165
0.349571732513186
0.839315147682079
0.9979441056447
0.762878607150627
0.226853288476279
-0.398666904306299
-0.866910803446531
-0.99315360690553
-0.727591832095072
-0.174991064580531
0.446644643533561
0.892076575132373
0.985579375252415
0.690265673285398
0.12263835423562
-0.493370472294181
-0.914741925023911
-0.975242640672113
-0.651004753064759
-0.0699418980478929
0.538713421696606
0.934843323894361
0.962172376233795
0.60991911676228
0.0170494001181236
-0.58254639895335
-0.952324429073863
-0.946405216880069
-0.567123924245374
0.0358908859643971
0.624746543611201
0.967136242373882
0.927985356741948
0.522739127136703
-0.0887305726638755
-0.665195571921844
-0.979237247424923
-0.906964425265733
-0.476889132596426
0.141321554415465
0.703780108380558
0.98859352604351
0.883401342499856
0.429702454621572
-0.193516422756455
-0.740392003509702
-0.995178853302859
-0.857362153947245
-0.381311353828088
0.245168879499442
0.774928636992104
0.998974771038901
0.828919845443658
0.331851466737766
-0.296134146793979
-0.807293205309787
-0.999970639587105
-0.798154138584536
-0.281461425596667
0.346269372928631
0.837394993075973
0.99816366760483
0.765151267272402
0.230282469800836
-0.395434032734147
-0.865149627301613
-0.99355891989504
-0.730003736008308
-0.178458050014536
0.443490321463761
0.89047931388946
0.9861693032102
0.692810060609566
0.126133426086465
-0.49030354104806
-0.913313055683001
-0.976015530075685
-0.65367449207855
-0.0734552598989101
0.535742477645757
0.93358685146578
0.963126060733928
0.612706724392914
0.0205712042871867
-0.579679769424668
-0.951243875353045
-0.947537023372609
-0.570021587044515
0.0323705108225803
0.621992263546023
0.966234636069515
0.929292112860642
0.525738723178403
-0.0852214938891443
-0.662561361354632
-0.978517115669899
-0.908442468274029
-0.479982254245245
0.137833607685263
0.701273350800239
0.988056887311561
0.88504652955727
0.432880432095852
-0.190059384515834
-0.738019725164623
-0.994827211750935
-0.85916987372142
-0.384565279502227
0.241752439559355
0.772697487195062
0.998809112291137
0.830885031035578
0.33517222010922
-0.292767881172361
-0.805209437801474
-0.999991427972182
-0.80027128173065
-0.284839698850013
0.34296271700823
0.835464448495655
0.998370844854488
0.767414433783859
0.233708793896862
-0.392196254816318
-0.863377716817026
-0.993951905307437
-0.732406582403727
-0.181922821231226
0.440330496790133
0.888871004028947
0.986746995277628
0.695345851896557
0.12962693293749
-0.487230526363336
-0.911872854414981
-0.976776309571811
-0.656336120629182
-0.0769677103541771
0.532764886372939
0.932318795563258
0.964067795252536
0.615486729868455
0.0240927532186863
-0.576805947522301
-0.950151519078856
-0.948657073304524
-0.572912177303818
0.0288497340442756
0.619230266115469
0.965321041213992
0.930587338792343
0.528731796120052
-0.0817113577291767
-0.659918930061162
-0.977784842969013
-0.909909239787186
-0.483069420516773
0.134343950784851
0.698757892174841
0.98750798926906
0.886680735404532
0.436053038608451
-0.186599988113956
-0.735638289843387
-0.994463226885671
-0.860966933349683
-0.387814433684687
0.238333000077147
0.770456750157731
0.998631060824598
0.832839907425602
0.338488814833119
-0.2893979830348
-0.803115679661036
-0.999999808968889
-0.80237849551478
-0.288214437955861
0.339651805779724
0.833523537894594
0.998565634823175
0.769668078604482
0.237132218252259
-0.388953610725523
-0.861595093977967
-0.994332558266858
-0.734800341468644
-0.185385335241023
0.437165208718187
0.887251665506134
0.987312444286911
0.697873015683555
0.133118831442577
-0.484151466368821
-0.910421339089323
-0.977524969721022
-0.658989605693199
-0.0804792058329833
0.529780684822987
0.931039171920359
0.964997568104935
0.618259098695637
0.027614003219932
-0.573924968903179
-0.949047373804843
-0.9497653527788
-0.575795659158299
0.0253285993125932
0.616460585588296
0.964395469142857
0.931871018466375
0.531718308824726
-0.0782002077359685
-0.657268310826704
-0.977040438407746
-0.911364721606057
-0.486150593107011
0.130852627012577
0.696233763714252
0.986946838726316
0.888303939765032
0.439220234794862
-0.183138276473708
-0.733247727093945
-0.994086903223113
-0.86275331053549
-0.391058776061186
0.234910603479497
0.768206453682332
0.998440618848412
0.834784450359115
0.341801209758404
-0.28602449419329
-0.801011956867034
-0.999995782473235
-0.804475753792228
-0.291585601043024
0.336336680323656
0.831572285354629
0.99874803509401
0.771912173772767
0.240552700390467
-0.385706140695272
-0.859801780902551
-0.9947008740503
-0.737184983502195
-0.188845549083696
0.433994496521217
0.885621318413167
0.987865643222243
0.700391520614462
0.136609078276915
-0.481066399267141
-0.908958527715698
-0.978261501234227
-0.661634914347155
-0.0839897027664672
0.526789910021593
0.929747996413675
0.965915367755213
0.621023796476309
0.0311349106005782
-0.57103686931303
-0.947931453230398
-0.950861848044325
-0.578671996830802
0.0218071503164483
0.613683256329654
0.9634579313399
0.933143135955821
0.534698224236901
-0.0746880874740949
-0.654609536539142
-0.976283911222388
-0.912808895672136
-0.48922573378593
0.127359679687473
0.693700996736908
0.986373442645869
0.88991612249929
0.442381981358934
